id_img,image,x,y,width,height,min_x,min_y,max_x,max_y
1,1001,117.082805043094,491.918708597478,304,297,1,303,305,600
1,1001,185.380000910291,45.8772017659642,262,119,45,1,307,120
1,1001,393.854716847903,364.1187803041,348,323,218,204,566,527
1,1001,186.912445129909,199.498635662593,172,137,109,134,281,271
1,1001,364.855994598592,114.242902613896,307,210,235,5,542,215
1,1001,574.709877159692,44.4827723958853,156,111,504,1,660,112
1,1001,756.919752427703,171.887098495358,115,125,685,102,800,227
1,1001,780.082463089665,36.4810947065178,53,75,747,1,800,76
1,1001,685.419910452238,480.668437627199,253,232,547,361,800,593
1,1001,75.7715007277839,313.406314925169,219,592,1,8,220,600
1,1001,752.804037520391,571.26101141925,120,60,680,540,800,600
1,1001,652.096291255529,520.826811840762,115,39,594,502,709,541
1,1001,553.131221719457,522.898513251454,84,25,512,511,596,536
1,1001,520.638537271449,486.039381153305,54,14,494,479,548,493
1,1001,480.337119918005,482.846344379911,216,92,377,438,593,530
1,1001,90.9126615227294,93.3946267546714,177,178,4,8,181,186
1,1001,212.573792688431,295.049496013239,81,109,170,245,251,354
1,1001,673.87983096953,387.109322338369,260,261,540,266,800,527
1,1001,371.589348283111,425.760336370007,133,40,305,406,438,446
1,1001,377.507288629738,402.690962099125,19,21,368,392,387,413
1,1001,507.040758293839,401.778672985782,47,64,486,372,533,436
1,1001,454.24737061335,345.462511715089,172,142,374,275,546,417
1,1001,233.851434958927,471.00275553707,261,355,137,245,398,600
1,1001,672.664887940235,594.946638207044,100,15,626,585,726,600
1,1001,335.384763397948,314.178164196123,139,275,291,181,430,456
1,1001,532.926858108108,415.438682432432,173,83,449,373,622,456
1,1001,316.281802120141,199.588339222615,36,37,298,181,334,218
1,1001,472.523227383863,397.993887530562,42,35,449,379,491,414
1,1001,281.348836494421,274.441978420583,122,479,227,47,349,526
1,1001,269.513685239492,92.7958618442489,83,91,227,47,310,138
1,1001,502.64598790582,349.984689282498,164,465,430,120,594,585
1,1001,557.071317829457,348.699224806202,24,43,546,329,570,372
1,1001,505.69714997233,174.044548976204,85,110,464,120,549,230
1,1001,220.333641547234,436.130528586839,211,74,116,401,327,475
1,1001,678.236040609137,260.573322053017,98,58,631,227,729,285
1,1001,779.681238615665,277.220765027322,45,68,755,242,800,310
1,1001,34.850268977884,252.734010759115,91,56,1,222,92,278
1,1001,204.731213872832,214.414871255912,100,61,157,185,257,246
1,1001,313.93350955673,240.838348922326,92,93,265,200,357,293
1,1001,315.555651211413,329.45804124134,269,144,190,259,459,403
1,1001,377.774711348916,220.246409462123,91,66,329,184,420,250
1,1001,465.075624082232,236.181350954479,92,65,423,202,515,267
1,1001,598.336734693878,243.565306122449,42,45,577,223,619,268
1,1001,73.6886502239732,426.031464191268,162,157,1,346,163,503
1,1001,178.121375464684,385.15594795539,217,207,52,314,269,521
1,1001,464.301194492964,243.560120642704,615,350,185,95,800,445
1,1001,290.353396237473,215.6287874348,179,163,185,138,364,301
1,1001,512.63799573247,55.3263924656022,155,116,437,1,592,117
1,1001,283.593054063731,423.023869196802,384,337,80,247,464,584
1,1001,670.39432557777,435.169297322577,216,208,576,313,792,521
1,1001,215.785450181629,214.058834976648,308,356,88,32,396,388
1,1001,268.834994462901,86.5544481358435,57,71,241,48,298,119
1,1001,270.552334943639,87.0080515297907,37,47,252,61,289,108
1,1001,176.819632925473,99.6185761957731,173,134,88,32,261,166
1,1001,420.426244765007,366.122183075184,337,243,252,228,589,471
1,1001,614.92879033932,241.278867873845,378,291,410,103,788,394
1,1001,357.793269592712,457.171723255289,151,111,281,407,432,518
1,1001,403.8264604811,520.069301260023,175,32,321,504,496,536
1,1001,194.150897121466,454.316509616626,520,157,1,377,521,534
1,1001,246.960747663551,340.032943925234,82,111,206,284,288,395
1,1001,187.696760684813,271.433674097795,106,98,139,225,245,323
1,1001,628.6773098636,332.765791226901,404,557,396,43,800,600
1,1001,540.644836422144,180.15892974197,276,260,396,43,672,303
1,1001,362.667491871442,270.577227834971,534,405,81,35,615,440
1,1001,508.165428481741,308.762477764989,224,228,390,197,614,425
1,1001,588.564612326044,424.629887342611,87,82,535,375,622,457
1,1001,305.733123625215,509.385828745968,498,203,58,397,556,600
1,1001,615.519455028288,59.0935226879113,278,39,480,40,758,79
1,1001,148.189137684612,173.732253454026,90,42,106,148,196,190
1,1001,150.382431233363,238.834516415262,58,56,124,211,182,267
1,1001,447.7,168.868918918919,65,28,417,155,482,183
1,1001,118.046052631579,315.654605263158,18,24,108,305,126,329
1,1001,428.708676874755,237.527287004319,70,51,394,214,464,265
1,1001,704.312110418522,169.882902938557,102,30,655,155,757,185
1,1001,703.392683837253,236.449421425905,70,53,669,212,739,265
1,1001,151.155863837724,209.389134996503,116,149,93,135,209,284
1,1001,27.6632653061224,274.299744897959,23,33,16,258,39,291
1,1001,429.797190978495,207.969636925229,115,149,372,133,487,282
1,1001,705.886222069833,208.159609120521,124,149,642,134,766,283
1,1001,108.062794738148,378.642094812609,55,140,75,305,130,445
1,1001,654.356359542946,362.934128982279,384,530,416,70,800,600
1,1001,232.402071139127,328.075191355245,81,49,185,309,266,358
1,1001,45.496875,304.845394736842,151,434,1,121,152,555
1,1001,419.641447368421,60.1304824561403,22,52,409,33,431,85
1,1001,379.129271754558,217.071787313025,175,178,301,123,476,301
1,1001,34.7375683415777,151.981515230409,78,69,1,121,79,190
1,1001,114.461345832798,395.118402465648,223,341,1,214,224,555
1,1001,364.725915369437,425.610348607761,332,394,157,206,489,600
1,1001,682.75697569757,497.917320303459,347,338,453,262,800,600
1,1001,723.201519733271,135.414747615725,132,137,661,72,793,209
1,1001,508.613807531381,428.793723849372,132,109,452,370,584,479
1,1001,558.000339270568,358.47786259542,135,92,489,318,624,410
1,1001,286.776722938677,341.04318156183,351,477,122,123,473,600
1,1001,273.35417883403,326.25351543196,465,301,12,165,477,466
1,1001,561.588029707296,457.355744866754,241,158,443,378,684,536
1,1001,661.311141615191,393.241134751773,103,62,612,362,715,424
1,1001,724.297858637901,465.547093865722,147,72,647,427,794,499
1,1001,330.538795618072,228.684125234978,163,145,242,165,405,310
1,1001,721.177051671733,402.610435663627,73,259,688,278,761,537
1,1001,24.6809701492537,190.244402985075,47,13,1,184,48,197
1,1001,29.4265593561368,285.027665995976,62,38,1,266,63,304
1,1001,199.693195503814,304.904154957848,194,72,100,269,294,341
1,1001,371.809157509158,218.69706959707,100,40,323,201,423,241
1,1001,728.338138925295,293.249017038008,32,33,712,278,744,311
1,1001,766.74874497992,370.635793172691,51,147,741,298,792,445
1,1001,664.056430976431,391.228956228956,87,172,605,311,692,483
1,1001,475.486538127497,410.124196630189,56,169,447,320,503,489
1,1001,407.271561996779,414.669307568438,193,127,317,350,510,477
1,1001,204.108041176144,284.122835387828,474,306,1,134,475,440
1,1001,168.809431656142,490.25152780607,151,171,87,409,238,580
1,1001,84.8229865771812,369.804530201342,43,47,65,346,108,393
1,1001,192.407008086253,237.118059299191,74,62,160,205,234,267
1,1001,282.581699346405,337.686274509804,21,64,272,307,293,371
1,1001,51.7580664949086,94.1621886885045,111,105,1,47,112,152
1,1001,144.721827724606,65.5270145106514,59,69,114,32,173,101
1,1001,391.682940657679,347.182720171349,423,421,237,157,660,578
1,1001,438.27801242236,96.3966459627329,120,164,393,6,513,170
1,1001,304.419646821248,360.709737479054,301,299,153,210,454,509
1,1001,162.839481151196,227.961491690312,84,151,125,162,209,313
1,1001,467.15456329735,262.973012757605,120,58,401,235,521,293
1,1001,512.360146022155,480.148917421954,137,184,452,391,589,575
1,1001,641.050298507463,348.162611940299,130,244,580,224,710,468
1,1001,403.251996995972,146.792448965659,123,154,342,74,465,228
1,1001,570.224379027299,89.8369294938638,241,202,465,1,706,203
1,1001,133.825906657619,551.265324587197,280,121,1,479,281,600
1,1001,563.195048004042,97.210712481051,58,41,534,77,592,118
1,1001,707.667350810088,493.818359921634,220,201,580,399,800,600
1,1001,679.746790838158,291.955952680594,46,218,656,183,702,401
1,1001,70.6761503336846,293.617140850018,67,272,37,217,104,489
1,1001,122.730407523511,500.959247648903,13,25,116,489,129,514
1,1001,214.530685920578,475.097472924188,13,22,208,464,221,486
1,1001,273.523148148148,460.25462962963,11,20,268,450,279,470
1,1001,411.116500202705,409.78273688866,137,227,343,303,480,530
1,1001,400.192178017532,257.53809844909,50,98,371,211,421,309
1,1001,457.170697876029,470.812613784135,152,263,367,337,519,600
1,1001,450.330397156545,384.638386648122,95,97,409,337,504,434
1,1001,392.296703296703,440.561813186813,29,37,377,424,406,461
1,1001,138.060994710246,443.745234788262,258,154,9,358,267,512
1,1001,677.367082355846,300.531423632547,252,433,538,81,790,514
1,1001,658.502126872573,125.507675235805,96,89,615,81,711,170
1,1001,675.006768516728,414.646490040611,70,106,640,354,710,460
1,1001,632.379310344828,266.868338557994,21,33,623,253,644,286
1,1001,327.097785000822,339.045377353323,398,440,87,127,485,567
1,1001,271.901949703306,159.792314213055,83,71,225,127,308,198
1,1001,327.45438748914,220.90964378801,44,37,305,202,349,239
1,1001,582.055768179333,570.801530891197,152,29,507,556,659,585
1,1001,535.322446781551,319.48894450076,262,349,393,160,655,509
1,1001,550.472707423581,233.994541484716,56,44,524,211,580,255
1,1001,182.751384649131,434.186027382236,376,327,1,273,377,600
1,1001,451.781998348472,168.689852819741,318,196,288,79,606,275
1,1001,231.316017316017,138.498420498421,274,115,95,73,369,188
1,1001,466.925925925926,457.806267806268,53,11,441,452,494,463
1,1001,452.012931627459,157.794194524694,101,100,397,111,498,211
1,1001,272.339658444023,325.528681944242,94,98,225,273,319,371
1,1001,430.930214828638,310.356287833963,582,496,132,104,714,600
1,1001,563.895304713574,214.906482878435,282,220,432,104,714,324
1,1001,314.713905140872,245.096326021346,256,286,172,111,428,397
1,1001,334.070544554455,141.477103960396,76,26,300,129,376,155
1,1001,309.09145480226,207.563912429379,112,32,260,193,372,225
1,1001,384.259541984733,314.672603901612,37,37,366,296,403,333
1,1001,318.907092907093,290.456543456543,146,116,261,230,407,346
1,1001,555.133215638677,394.213836477987,279,235,374,275,653,510
1,1001,319.246335706777,403.613062535949,729,420,1,162,730,582
1,1001,541.266867897727,518.085049715909,115,167,480,433,595,600
1,1001,670.524899641966,475.862428121949,67,247,635,353,702,600
1,1001,769.371977338676,455.329003730828,69,152,731,367,800,519
1,1001,676.17901722231,176.790207334843,235,340,563,29,798,369
1,1001,136.725814091178,173.466785079929,121,257,68,76,189,333
1,1001,293.956297709924,206.764885496183,63,194,264,131,327,325
1,1001,129.726485599708,398.070907765221,137,264,60,266,197,530
1,1001,125.146564014827,304.337895637297,75,81,92,266,167,347
1,1001,124.511889035667,394.535667107001,70,39,86,378,156,417
1,1001,664.046607196552,283.50225518693,213,61,548,252,761,313
1,1001,378.387641296157,48.1975885455916,292,74,236,9,528,83
1,1001,241.738945578231,368.938775510204,265,53,104,342,369,395
1,1001,379.49343832021,361.349081364829,22,43,369,339,391,382
1,1001,445.287313432836,390.373134328358,35,13,428,384,463,397
1,1001,181.444654367637,199.065570126695,83,137,142,133,225,270
1,1001,374.528885763087,178.571988345223,94,138,328,114,422,252
1,1001,558.736989326463,152.498859035701,123,157,493,79,616,236
1,1001,175.39186626396,272.049987122755,322,276,44,133,366,409
1,1001,405.648642559423,266.728264053171,243,295,299,114,542,409
1,1001,644.818331887748,250.459486304244,339,333,461,79,800,412
1,1001,363.173188044231,81.8078353104026,421,207,171,1,592,208
1,1001,396.269850708898,483.585552877844,283,186,243,400,526,586
1,1001,394.400788436268,394.981603153745,34,29,379,381,413,410
1,1001,141.986666666667,393.74303030303,32,29,126,379,158,408
1,1001,383.765829145729,411.394152581087,131,146,320,344,451,490
1,1001,413.921517331589,411.746239372139,59,60,382,380,441,440
1,1001,284.552411499966,327.642221401223,308,309,136,181,444,490
1,1001,754.89292394015,244.114323566085,100,165,700,164,800,329
1,1001,691.338115082545,96.2837794518352,234,208,566,1,800,209
1,1001,364.324111993314,320.821897200167,158,131,286,270,444,401
1,1001,486.170281720742,371.025356677289,531,449,233,151,764,600
1,1001,258.077025215924,367.84573860816,404,524,128,76,532,600
1,1001,276.891032647436,165.33597871026,143,191,208,75,351,266
1,1001,676.926789782948,232.078726466003,172,219,592,151,764,370
1,1001,128.860859110285,136.217291507269,271,276,1,1,272,277
1,1001,132.462202975794,124.47357317344,280,232,1,14,281,246
1,1001,528.577724174899,311.669404242285,709,419,91,113,800,532
1,1001,548.440709494865,63.9768654370153,333,147,375,1,708,148
1,1001,440.200585651537,158.294708220038,548,260,186,17,734,277
1,1001,217.964350283925,516.307478801151,250,186,90,414,340,600
1,1001,648.33700821444,541.461089494163,115,71,580,506,695,577
1,1001,75.2790202342918,531.177582534611,43,129,54,469,97,598
1,1001,509.553601815088,527.064095292116,29,91,493,484,522,575
1,1001,597.189311594203,533.768115942029,39,89,578,489,617,578
1,1001,598.815384615385,495.038461538462,12,13,593,489,605,502
1,1001,73.7673267326733,476.430693069307,16,14,66,469,82,483
1,1001,512.7265625,489.9921875,12,13,506,484,518,497
1,1001,101.460100734268,432.319497542327,142,143,31,361,173,504
1,1001,130.86411716843,416.226200162734,67,63,98,385,165,448
1,1001,717.218963165075,291.68843792633,109,213,665,206,774,419
1,1001,408.466595403528,524.328166755746,159,135,324,456,483,591
1,1001,378.212503392455,408.555676176184,472,375,80,225,552,600
1,1001,361.074170704435,308.45055286371,120,175,304,225,424,400
1,1001,635.406560062003,351.891574721972,448,599,339,1,787,600
1,1001,650.981563050591,64.5645607853008,144,144,582,1,726,145
1,1001,58.1653439153439,301.985119047619,110,38,7,283,117,321
1,1001,547.527145101119,229.41090712743,416,167,379,151,795,318
1,1001,203.750899540924,278.764228699048,452,448,1,61,453,509
1,1001,550.304928131417,303.483572895277,38,31,532,288,570,319
1,1001,654.922573609596,213.73173391494,44,28,633,200,677,228
1,1001,700.744453248811,251.847320270854,267,344,533,87,800,431
1,1001,715.034115273048,46.7653550258545,197,104,603,1,800,105
1,1001,398.456896551724,105.622844827586,40,23,380,95,420,118
1,1001,133.661602209945,53.3480662983425,35,40,112,29,147,69
1,1001,346.709106738638,38.4180045272506,404,103,144,1,548,104
1,1001,54.7918359057677,148.109057676686,119,141,1,76,120,217
1,1001,82.4298540965208,414.962603815937,170,309,1,256,171,565
1,1001,70.7355028561537,336.619064104783,157,150,1,260,158,410
1,1001,255.341411547567,403.870320587409,201,320,162,231,363,551
1,1001,251.810207919758,314.782833559712,172,157,164,231,336,388
1,1001,434.087111171526,399.371258977322,191,323,347,222,538,545
1,1001,427.655440762109,295.582785455521,149,145,355,222,504,367
1,1001,579.671649215311,403.328301042107,185,305,486,252,671,557
1,1001,568.6964313705,333.512931710121,170,160,486,252,656,412
1,1001,728.085025350503,399.735164599748,155,309,645,241,800,550
1,1001,727.484228427231,319.232651269954,152,151,648,241,800,392
1,1001,259.607750366115,132.982989748789,189,175,165,43,354,218
1,1001,485.458183257471,133.66439738769,184,171,394,46,578,217
1,1001,723.300890477001,148.848448755034,153,140,647,77,800,217
1,1001,654.488956972594,474.420847081005,193,244,560,356,753,600
1,1001,187.91559454191,151.606237816764,57,96,159,105,216,201
1,1001,752.558682300391,183.838302624232,98,98,702,136,800,234
1,1001,357.052415079937,405.245367032781,225,177,248,334,473,511
1,1001,414.898111863199,228.889918061988,41,160,393,153,434,313
1,1001,143.375008266649,386.249305601481,369,310,1,258,370,568
1,1001,96.6949987043275,114.921223114797,75,113,60,57,135,170
1,1001,192.490028490028,144.911680911681,30,45,178,122,208,167
1,1001,98.7862266857963,97.1319942611191,24,39,86,80,110,119
1,1001,344.152852049911,215.217914438503,55,84,313,159,368,243
1,1001,494.527344943477,208.051634586007,65,107,458,136,523,243
1,1001,610.51443768997,419.869300911854,46,77,591,378,637,455
1,1001,648.363475177305,419.542553191489,38,76,630,378,668,454
1,1001,356.142857142857,453.249690585912,272,162,219,372,491,534
1,1001,552.17979060016,338.432768245312,154,437,496,111,650,548
1,1001,555.361173814898,151.289503386005,46,53,534,124,580,177
1,1001,625.531164599538,316.754729871768,123,402,573,131,696,533
1,1001,597.944394213382,161.80424954792,46,66,573,131,619,197
1,1001,199.086511627907,162.266046511628,36,44,179,141,215,185
1,1001,36.1467242055708,251.351510396234,46,67,13,218,59,285
1,1001,417.780911901082,337.658423493045,32,91,402,290,434,381
1,1001,266.851140456182,306.519807923169,77,19,225,295,302,314
1,1001,282.246590766921,109.553359189291,104,125,235,52,339,177
1,1001,200.555710177196,145.237777159291,128,150,130,54,258,204
1,1001,283.933402705515,251.064516129032,46,39,262,236,308,275
1,1001,215.722069345074,82.588882773803,43,52,195,54,238,106
1,1001,636.328889488598,414.752583996762,164,276,562,271,726,547
1,1001,570.706639466655,125.808891879955,290,215,422,17,712,232
1,1001,264.175426185515,311.873509215757,509,340,8,134,517,474
1,1001,17.6727347952007,110.918700868846,53,177,1,1,54,178
1,1001,420.015294974508,65.7484826414178,79,66,384,30,463,96
1,1001,781.451756832125,223.579475738985,40,87,760,178,800,265
1,1001,765.101296456353,290.444252376837,93,125,707,243,800,368
1,1001,298.838501593223,388.451594518277,158,245,220,265,378,510
1,1001,103.323450134771,408.955985052683,132,257,37,281,169,538
1,1001,342.700427040529,134.944968173395,152,173,265,47,417,220
1,1001,152.40914866582,109.180749682338,148,179,71,9,219,188
1,1001,432.428252788104,390.648698884758,27,275,421,264,448,539
1,1001,561.863022227757,142.787248614657,239,164,435,64,674,228
1,1001,562.4589477358,304.765901753774,178,142,474,234,652,376
1,1001,573.131557526595,491.109383332866,222,169,462,408,684,577
1,1001,296.394133822181,344.250229147571,91,15,251,337,342,352
1,1001,325.212406385495,114.53271580607,310,235,202,11,512,246
1,1001,575.659810126582,397.353578383642,205,100,474,355,679,455
1,1001,356.069291401914,418.880801093863,335,101,163,368,498,469
1,1001,347.294937509543,120.196545030209,194,243,249,1,443,244
1,1001,518.271055474008,473.840668014512,164,291,441,309,605,600
1,1001,350.428519724937,181.308360477742,162,53,268,153,430,206
1,1001,506.00593276203,361.316853438805,124,108,441,309,565,417
1,1001,178.429961089494,174.103112840467,23,25,167,162,190,187
1,1001,247.371977917381,71.1538168665524,104,151,184,8,288,159
1,1001,525.761860174782,144.305617977528,448,156,265,74,713,230
1,1001,384.13973037272,360.292836373249,670,76,42,324,712,400
1,1001,348.412219152185,347.558532683778,468,449,148,134,616,583
1,1001,507.793539325843,573.39606741573,565,18,235,565,800,583
1,1001,93.5206116094251,152.322651856671,194,231,1,38,195,269
1,1001,289.256644085461,174.727722772277,59,79,260,136,319,215
1,1001,388.859638686246,294.017408184351,289,446,244,54,533,500
1,1001,221.433128710879,254.349904397706,118,124,168,196,286,320
1,1001,670.639104918269,331.905667170735,291,291,509,199,800,490
1,1001,182.765161502966,391.227038013623,157,149,105,316,262,465
1,1001,177.961901351714,363.681049145108,673,521,1,79,674,600
1,1001,85.010624304361,186.175385341833,215,228,1,79,216,307
1,1001,581.970967741936,244.396774193548,23,18,571,236,594,254
1,1001,665.159599610733,279.685527596274,203,107,587,227,790,334
1,1001,616.780425531915,241.417872340426,54,30,591,227,645,257
1,1001,594.448931000633,294.724204429159,451,599,342,1,793,600
1,1001,355.101865136298,429.394548063128,64,56,323,403,387,459
1,1001,280.790327815644,447.215514443363,69,60,246,419,315,479
1,1001,63.4846386845521,580.062743401125,120,44,1,556,121,600
1,1001,127.549981295981,438.5747952949,218,145,16,369,234,514
1,1001,260.97465437788,362.464669738863,240,118,125,309,365,427
1,1001,242.207212533255,277.425509902453,103,73,191,242,294,315
1,1001,96.5775164706863,303.584771912268,152,109,24,244,176,353
1,1001,119.14367398802,233.05962969686,225,96,1,186,226,282
1,1001,646.778540145985,82.8693430656934,109,138,585,1,694,139
1,1001,168.088806278397,91.5873605947955,136,184,97,1,233,185
1,1001,503.403570361518,167.524200776815,270,260,378,51,648,311
1,1001,335.200053276505,141.712573255194,131,217,282,54,413,271
1,1001,318.968489442339,545.818769175239,287,132,175,468,462,600
1,1001,289.406052664279,217.014086734521,347,407,118,50,465,457
1,1001,733.230170558039,265.746370811945,203,237,597,195,800,432
1,1001,323.760621229624,470.544153510461,176,116,236,412,412,528
1,1001,155.695144754659,524.109549293958,311,188,1,412,312,600
1,1001,652.613984270446,397.029057510037,261,262,524,261,785,523
1,1001,222.552054528695,380.118274875079,350,221,1,270,351,491
1,1001,72.1097708082027,289.27694008846,112,131,18,224,130,355
1,1001,540.156575475628,377.739029301486,285,123,398,318,683,441
1,1001,409.024901703801,293.938401048493,63,22,379,280,442,302
1,1001,477.294356201419,248.160189253126,69,58,443,220,512,278
1,1001,484.664887109332,253.006339673006,104,103,425,203,529,306
1,1001,592.998873920841,225.969804395879,132,219,530,119,662,338
1,1001,751.329887503801,222.361710753015,138,241,662,93,800,334
1,1001,720.120609675282,364.650762094102,46,38,697,345,743,383
1,1001,679.166666666667,330.078212290503,42,32,657,314,699,346
1,1001,782.09288430201,445.035850081477,42,54,758,419,800,473
1,1001,601.442984514313,203.557484748944,61,46,572,182,633,228
1,1001,591.319198664441,267.165943238731,85,69,549,232,634,301
1,1001,603.160487557136,162.910106653123,92,28,557,148,649,176
1,1001,751.832699619772,406.490494296578,34,8,735,402,769,410
1,1001,302.848161814951,352.308459751264,239,52,179,323,418,375
1,1001,214.366793061237,265.185143164243,240,465,111,16,351,481
1,1001,210.989216130494,80.9026733121885,102,141,159,14,261,155
1,1001,406.668309430201,393.872916551304,290,253,292,249,582,502
1,1001,398.329595319356,320.704046806436,70,75,361,285,431,360
1,1001,483.844993141289,460.997256515775,25,81,471,412,496,493
1,1001,779.157667386609,494.429805615551,45,37,755,475,800,512
1,1001,662.33926128591,398.082421340629,68,60,624,368,692,428
1,1001,682.315632754342,327.326137303557,138,124,611,261,749,385
1,1001,152.760072048228,309.964490516101,189,279,68,153,257,432
1,1001,577.694867256637,320.553780025284,226,210,445,205,671,415
1,1001,471.489558037882,69.3773676542011,94,57,434,32,528,89
1,1001,159.140509725017,190.28370221328,53,68,132,156,185,224
1,1001,525.63734115347,238.220267188009,63,68,495,205,558,273
1,1001,75.8140684880702,62.0890097663494,187,59,1,28,188,87
1,1001,130.187874750167,361.634243837442,67,227,96,257,163,484
1,1001,330.861653732941,377.938364106681,74,222,295,272,369,494
1,1001,592.03814113035,395.268213002287,80,254,553,280,633,534
1,1001,560.458989679522,441.447582835416,159,239,509,294,668,533
1,1001,139.187219730942,277.387892376682,34,42,120,259,154,301
1,1001,344.444617784711,283.188767550702,34,27,325,270,359,297
1,1001,588.410761154856,295.632545931759,25,34,576,280,601,314
1,1001,302.740817681816,311.535210947832,548,573,28,1,576,574
1,1001,349.89889207172,169.517831431213,280,357,210,1,490,358
1,1001,293.496534729709,182.116587093793,98,89,239,137,337,226
1,1001,231.540703726837,573.696752029981,186,59,137,541,323,600
1,1001,636.938493192663,494.239022895417,412,190,388,410,800,600
1,1001,38.738768718802,44.8236272878536,86,58,1,2,87,60
1,1001,73.3131717441257,131.815358387073,142,101,1,80,143,181
1,1001,496.69686985173,93.8591433278418,33,81,480,55,513,136
1,1001,246.870809704372,508.162712660649,199,248,149,352,348,600
1,1001,497.491370010787,392.108953613808,65,108,468,352,533,460
1,1001,654.202149760636,433.754855026646,116,138,597,354,713,492
1,1001,673.095520082389,362.32131822863,82,63,632,330,714,393
1,1001,780.266666666667,414.501578458682,48,149,752,332,800,481
1,1001,62.6969199627988,155.55861918048,106,183,9,61,115,244
1,1001,334.06882508654,228.82854815719799,252,48,205,205,457,253
1,1001,314.801927414394,180.568792290342,124,59,253,146,377,205
1,1001,185.131941987973,165.050229925716,74,211,148,43,222,254
1,1001,496.340596401668,168.908236319492,113,168,438,84,551,252
1,1001,660.944117985943,199.782463417444,116,132,605,124,721,256
1,1001,784.022662889518,187.043523049189,43,124,757,133,800,257
1,1001,351.360169116345,88.9985390472817,275,218,225,1,500,219
1,1001,399.489643014544,408.412075804319,52,192,373,319,425,511
1,1001,492.654871546292,416.138390693165,83,80,452,373,535,453
1,1001,90.5494390460369,258.49090867715,239,391,1,74,240,465
1,1001,76.8327420172326,139.636425071803,134,134,12,74,146,208
1,1001,93.9213250517598,282.184265010352,24,23,82,270,106,293
1,1001,353.435888415943,307.086713335913,170,259,258,162,428,421
1,1001,367.042360265259,213.406550277439,90,108,326,162,416,270
1,1001,607.843702913109,377.372865394274,179,282,525,236,704,518
1,1001,621.379368451901,313.414389332552,165,140,528,246,693,386
1,1001,692.519888589085,503.4096091914,153,108,613,457,766,565
1,1001,114.205967126276,250.574199579341,121,146,54,181,175,327
1,1001,250.610067302299,516.319405496354,197,57,144,489,341,546
1,1001,526.339274230593,583.107395498392,350,42,352,558,702,600
1,1001,509.95652173913,312.269565217391,10,32,505,296,515,328
1,1001,572.150856665274,505.095068951107,152,41,496,486,648,527
1,1001,669.510635030331,258.489057820779,122,142,611,193,733,335
1,1001,150.400770712909,123.818818240206,119,172,90,38,209,210
1,1001,512.96622983871,223.110887096774,36,63,495,192,531,255
1,1001,410.644380403458,451.049567723343,75,198,374,374,449,572
1,1001,125.338167297184,475.693358554014,74,195,89,389,163,584
1,1001,193.412223206377,481.797874224978,97,204,151,392,248,596
1,1001,317.286832740214,373.588612099644,39,49,298,350,337,399
1,1001,482.9692769131,314.503972114137,150,115,407,257,557,372
1,1001,507.58360892931,84.3693675072344,86,172,464,2,550,174
1,1001,137.258852912318,302.319537359141,257,261,40,156,297,417
1,1001,356.168207991625,190.535508637236,171,307,272,24,443,331
1,1001,655.232480466378,341.088640136027,271,329,501,165,772,494
1,1001,421.557462686567,174.327611940299,39,50,404,151,443,201
1,1001,583.991202346041,337.294721407625,35,29,568,323,603,352
1,1001,418.837920489297,451.926605504587,38,48,398,430,436,478
1,1001,254.530638852673,467.063885267275,59,76,224,436,283,512
1,1001,330.952054794521,590.458904109589,24,21,318,579,342,600
1,1001,707.842390656656,246.357645095936,126,185,646,165,772,350
1,1001,365.006987724268,75.0648725212465,106,157,311,1,417,158
1,1001,363.88926853961,481.237914452037,150,134,290,414,440,548
1,1001,143.562008950771,213.84952759821,114,114,88,156,202,270
1,1001,300.569051630313,459.376321321545,319,314,125,286,444,600
1,1001,110.587383929035,525.805467655756,172,166,45,434,217,600
1,1001,288.978797879788,344.648164816482,127,125,221,286,348,411
1,1001,352.147851071471,58.93571172034,253,103,225,7,478,110
1,1001,106.330744157015,506.244469103267,126,146,43,434,169,580
1,1001,357.716303502988,242.899198627751,379,208,189,149,568,357
1,1001,208.948510481795,356.480078460218,104,100,158,303,262,403
1,1001,262.700114810563,210.767623421355,131,113,188,163,319,276
1,1001,344.189990873137,267.679799209005,252,423,205,68,457,491
1,1001,551.58658008658,427.304761904762,224,132,439,365,663,497
1,1001,149.123926380368,78.919018404908,112,84,94,39,206,123
1,1001,369.762198706643,102.951499118166,57,73,342,68,399,141
1,1001,501.267156862745,421.352941176471,21,23,491,410,512,433
1,1001,547.284698446142,439.191730313405,62,126,515,377,577,503
1,1001,774.002770083103,529.617174515235,32,136,761,445,793,581
1,1001,617.868402024584,496.986984815618,36,46,599,474,635,520
1,1001,477.36373448462,204.416621694549,202,32,376,187,578,219
1,1001,292.33033033033,455.145645645646,21,33,281,439,302,472
1,1001,547.309633027523,388.082568807339,25,25,535,375,560,400
1,1001,654.686141304348,346.466032608696,29,31,640,331,669,362
1,1001,651.998009384331,432.318925067539,47,213,629,328,676,541
1,1001,148.748418708241,189.971759465479,238,76,26,151,264,227
1,1001,449.288519855596,250.254873646209,285,56,301,221,586,277
1,1001,720.613102183697,251.245540923487,163,44,637,229,800,273
1,1001,518.470658325886,461.878462913315,71,100,490,417,561,517
1,1001,556.242976997718,339.253698261284,272,403,421,197,693,600
1,1001,220.155395543447,269.064707599494,133,122,157,203,290,325
1,1001,80.3302457466919,375.757088846881,89,125,40,324,129,449
1,1001,582.361794951698,367.0891243378,47,124,558,312,605,436
1,1001,347.806666666667,256.4,14,38,341,238,355,276
1,1001,580.60157790927,323.747534516765,24,24,569,312,593,336
1,1001,758.78728606357,245.748655256724,28,111,744,193,772,304
1,1001,761.432989690722,198.876288659794,9,12,757,193,766,205
1,1001,351.416666666667,242,8,7,347,238,355,245
1,1001,113.561752988048,349.803452855246,27,48,102,324,129,372
1,1001,292.765295786062,229.40680713128,157,171,214,148,371,319
1,1001,566.853858304569,259.826186158076,125,172,504,177,629,349
1,1001,253.052695112337,453.454917225069,266,206,112,337,378,543
1,1001,536.120643039825,436.912288393618,330,424,350,176,680,600
1,1001,288.957175761871,371.848245924876,349,452,96,148,445,600
1,1001,569.860770089286,387.261439732143,64,118,536,333,600,451
1,1001,206.410328847917,452.343667137511,247,224,82,340,329,564
1,1001,567.868767058265,447.092998694672,473,283,327,280,800,563
1,1001,568.893418162406,215.652696706893,488,434,312,36,800,470
1,1001,541.043628392986,398.968592361278,190,233,441,291,631,524
1,1001,548.161822876607,162.735056587188,190,264,465,38,655,302
1,1001,214.51315422774601,468.277910930271,248,184,94,377,342,561
1,1001,331.845795481016,333.361984626136,183,101,229,282,412,383
1,1001,270.842105263158,106.82323733863,57,74,241,68,298,142
1,1001,217.81610976839,240.444796080939,380,497,51,1,431,498
1,1001,408.800329063345,366.125161593607,99,182,361,272,460,454
1,1001,628.837910725971,382.927462372841,291,328,502,245,793,573
1,1001,649.89896373057,292.349858690532,145,99,583,245,728,344
1,1001,514.024242424242,343.431313131313,199,107,394,279,593,386
1,1001,683.882238171556,417.604557173716,149,119,611,356,760,475
1,1001,108.238099113028,336.618846122549,162,143,35,246,197,389
1,1001,239.481646013561,580.973111994389,496,40,1,560,497,600
1,1001,710.537430558253,163.68315139272,203,384,597,1,800,385
1,1001,637.76875,385.7875,26,20,625,376,651,396
1,1001,733.77990430622,443.363636363636,13,26,727,431,740,457
1,1001,663.819444444444,368.729166666667,20,13,654,362,674,375
1,1001,268.239732268773,235.749951183528,406,481,49,3,455,484
1,1001,583.517347974532,411.801559472179,388,333,385,244,773,577
1,1001,571.906750572082,445.806064073227,45,58,548,419,593,477
1,1001,659.794931856899,419.451448040886,86,91,609,376,695,467
1,1001,602.770759939608,384.625817815803,82,64,560,351,642,415
1,1001,535.129519857736,347.133669235329,80,61,497,319,577,380
1,1001,259.58187099834,502.836376571022,303,106,100,441,403,547
1,1001,401.865650128964,185.590653922015,88,512,358,31,446,543
1,1001,431.957446808511,529.214893617021,35,29,414,514,449,543
1,1001,379.286607608129,484.30640958832703,49,63,354,453,403,516
1,1001,758.109416781094,404.617402616174,81,279,714,268,795,547
1,1001,749.390784982935,288.215870307167,36,45,732,268,768,313
1,1001,278.524366471735,538.035087719298,55,16,253,527,308,543
1,1001,337.104761904762,488.809523809524,63,5,294,486,357,491
1,1001,195.450336434523,457.810357810868,401,265,1,323,402,588
1,1001,674.479199683043,130.35618066561,57,100,647,81,704,181
1,1001,294.667968013278,227.933395571649,573,383,70,46,643,429
1,1001,701.354301815084,305.492431688618,170,141,624,228,794,369
1,1001,634.948751076658,528.705426356589,143,157,566,443,709,600
1,1001,251.587566352823,442.595967814845,562,373,1,227,563,600
1,1001,722.772503435639,70.9135936784242,178,120,622,16,800,136
1,1001,154.225774413486,66.2722392226338,302,160,1,1,303,161
1,1001,406.276307785888,21.9701946472019,183,53,307,1,490,54
1,1001,44.8369696620805,213.60888837718,105,204,1,106,106,310
1,1001,266.762772101288,284.963127498889,119,68,207,258,326,326
1,1001,272.372955288986,427.343823025393,237,224,171,329,408,553
1,1001,318.115650534255,526.262413576367,91,91,275,483,366,574
1,1001,341.451263537906,115.232078390923,206,87,232,75,438,162
1,1001,177.897918731417,313.368681863231,78,67,139,281,217,348
1,1001,643.276009427936,399.649051699451,256,249,504,281,760,530
1,1001,619.80813540037,266.201393827336,300,91,500,215,800,306
1,1001,560.905663167233,216.354441950183,440,275,354,101,794,376
1,1001,299.543279416047,334.437242085605,352,357,124,156,476,513
1,1001,525.846379496681,310.542843909217,45,302,501,190,546,492
1,1001,653.100643902439,105.726907317073,176,188,568,13,744,201
1,1001,199.800954032957,402.294139511832,154,208,113,291,267,499
1,1001,427.847891056727,363.975809180106,262,210,311,274,573,484
1,1001,585.745380802163,361.308847829353,132,243,493,237,625,480
1,1001,367.511130136986,240.019691780822,38,56,346,216,384,272
1,1001,386.984438984439,235.96723996724,32,126,371,152,403,278
1,1001,412.189755529686,253.960419091967,27,46,398,232,425,278
1,1001,459.549367088608,278.308860759494,72,7,425,274,497,281
1,1001,219.316998468606,321.319754977029,72,62,183,291,255,353
1,1001,227.629521165329,273.905545202145,248,523,130,35,378,558
1,1001,295.403731976251,80.6653944020356,76,102,255,35,331,137
1,1001,523.766150834343,433.374522233616,261,210,421,318,682,528
1,1001,773.118421052632,429.684210526316,12,14,767,423,779,437
1,1001,461.357882945954,347.541024922991,82,65,421,318,503,383
1,1001,631.138160371439,218.301982682896,180,410,552,7,732,417
1,1001,399.074759092322,232.978040765576,188,297,303,93,491,390
1,1001,404.219298245614,213.561403508772,10,12,399,208,409,220
1,1001,404.281673541544,285.389510901591,131,31,341,268,472,299
1,1001,253.710546860478,306.413286739284,206,192,147,196,353,388
1,1001,628.120642453002,89.0801241102391,61,139,601,4,662,143
1,1001,401.337527352298,190.402625820569,81,42,362,172,443,214
1,1001,401.071118820468,253.346053772767,60,26,372,240,432,266
1,1001,386.333759516476,180.982158423897,70,394,348,1,418,395
1,1001,404.222425350396,448.151736745887,51,164,374,360,425,524
1,1001,97.4611283109735,118.707946336429,106,75,43,79,149,154
1,1001,674.650558929672,327.987060998152,135,115,609,268,744,383
1,1001,160.433266932271,254.270916334661,87,36,122,241,209,277
1,1001,360.862306206117,297.79784176052,138,357,302,83,440,440
1,1001,394.161884136437,211.135896047645,43,57,375,182,418,239
1,1001,594.79746835443,370.466104078762,71,65,558,338,629,403
1,1001,553.734825870647,215.437437810945,173,74,459,179,632,253
1,1001,641.477910640126,277.917406558786,309,255,459,180,768,435
1,1001,221.555842059804,307.611409874099,431,500,1,34,432,534
1,1001,668.160988074957,334.425894378194,39,36,649,317,688,353
1,1001,682.320365752286,418.443225270158,149,268,595,317,744,585
1,1001,194.444857496902,191.530359355638,30,31,179,176,209,207
1,1001,412.705509816339,407.244141861938,54,74,386,369,440,443
1,1001,101.582244427364,78.6259607993851,120,137,47,7,167,144
1,1001,138.421393303906,320.554774325244,258,593,20,7,278,600
1,1001,733.902431543138,339.703530199097,139,431,661,116,800,547
1,1001,409.958241758242,393.395604395604,19,34,400,376,419,410
1,1001,268.583105477592,254.971154368493,170,565,181,1,351,566
1,1001,537.209297343616,80.7727077977721,83,82,494,41,577,123
1,1001,564.08351285153606,242.548499424558,163,408,485,41,648,449
1,1001,771.702881619938,577.823598130841,68,53,732,547,800,600
1,1001,32.8374153204794,377.123892652423,83,218,1,243,84,461
1,1001,765.605577689243,251.296812749004,39,61,744,220,783,281
1,1001,751.89927140255,161.648087431694,77,95,715,116,792,211
1,1001,272.515484410965,61.0402803933877,115,111,213,1,328,112
1,1001,422.758467971398,162.029418314076,297,251,269,62,566,313
1,1001,492.361479698512,227.743062000877,460,403,270,66,730,469
1,1001,740.553739301249,110.348674056405,152,284,648,1,800,285
1,1001,196.95045215483,493.646581406788,408,211,1,389,409,600
1,1001,739.116157910185,326.452670971529,130,126,670,263,800,389
1,1001,500.80751597666,170.083912197833,115,163,444,94,559,257
1,1001,703.864101822389,86.9830488863176,202,190,598,1,800,191
1,1001,86.6886753461459,230.601518908865,164,158,5,153,169,311
1,1001,275.803492816022,207.551448889749,162,139,195,138,357,277
1,1001,349.949483744347,505.365752197286,286,175,202,419,488,594
1,1001,710.47873976986,303.112731524214,205,136,595,239,800,375
1,1001,428.57572957573,80.2356972356972,114,216,372,1,486,217
1,1001,503.286979017706,315.309313330387,369,405,335,95,704,500
1,1001,651.266211604096,443.418820087762,159,56,577,414,736,470
1,1001,253.264183687091,409.492502113648,179,370,143,230,322,600
1,1001,687.422031473534,531.523843586075,173,60,601,501,774,561
1,1001,443.247482998366,534.075794992591,268,124,320,468,588,592
1,1001,149.217912552891,530.33215796897,72,86,113,486,185,572
1,1001,463.165550630872,323.68907445947,503,456,203,44,706,500
1,1001,453.545364073644,144.640197379333,153,210,378,44,531,254
1,1001,558.765811965812,364.57264957265,51,19,535,356,586,375
1,1001,196.88457008245,523.366313309776,61,56,164,489,225,545
1,1001,207.494168397508,576.358044416041,139,54,142,546,281,600
1,1001,735.284812030075,337.475488721805,59,57,706,309,765,366
1,1001,731.230962991668,260.277659368339,97,98,683,211,780,309
1,1001,724.635645302897,184.586918349429,99,24,676,173,775,197
1,1001,152.008262041486,405.271885620532,299,220,1,298,300,518
1,1001,444.528048289738,406.50615694165,137,116,374,351,511,467
1,1001,508.074318744839,311.942196531792,45,45,485,290,530,335
1,1001,357.404598807717,467.624060428778,628,193,101,366,729,559
1,1001,526.299263712804,156.192436718512,196,166,425,66,621,232
1,1001,542.635756701446,246.41419800718,280,335,400,66,680,401
1,1001,247.279930755915,381.526762839008,386,165,44,299,430,464
1,1001,109.689033496906,253.712716023042,144,215,47,155,191,370
1,1001,628.678700361011,293.63357400722,33,28,612,280,645,308
1,1001,555.873028391167,173.791798107256,267,130,423,109,690,239
1,1001,181.874423314954,239.867221784629,170,118,83,181,253,299
1,1001,390.054635178005,256.668429091764,234,68,281,223,515,291
1,1001,498.534139874047,269.080875041432,134,54,430,239,564,293
1,1001,624.097326524482,248.797536797837,136,69,534,215,670,284
1,1001,763.676950198325,265.464521815778,95,68,705,220,800,288
1,1001,179.783783783784,297.95045045045,73,77,135,260,208,337
1,1001,61.5288065843621,172.550411522634,37,38,43,155,80,193
1,1001,681.705321178715,307.062327750689,134,74,612,272,746,346
1,1001,707.453369782357,246.093365576701,126,149,639,194,765,343
1,1001,655.893794749403,212.029832935561,29,39,642,194,671,233
1,1001,561.889278350515,184.695429553265,356,206,393,72,749,278
1,1001,308.209104927742,356.424978506803,592,441,65,159,657,600
1,1001,561.375641623892,88.9426038264116,115,37,486,70,601,107
1,1001,453.6547332799,259.635408317749,283,329,316,106,599,435
1,1001,448.581790123457,154.152777777778,30,33,436,139,466,172
1,1001,227.277777777778,387.231200897868,42,56,204,358,246,414
1,1001,310.264497607656,89.7850717703349,213,113,200,57,413,170
1,1001,204.143746462932,383.96566685531,173,313,118,199,291,512
1,1001,667.207216494845,193.761340206186,65,163,633,116,698,279
1,1001,262.851677852349,399.55,59,73,232,365,291,438
1,1001,668.765700483092,125.751207729469,25,21,657,116,682,137
1,1001,635.095541401274,198.216560509554,35,25,615,186,650,211
1,1001,277.572358994399,389.098866744822,115,129,231,335,346,464
1,1001,512.052737655358,392.29509573396,70,153,479,323,549,476
1,1001,390.365948905109,276.649744525547,115,410,335,85,450,495
1,1001,395.883975026015,117.435483870968,44,59,375,87,419,146
1,1001,250.59167544784,364.939936775553,41,72,231,332,272,404
1,1001,523.224892174985,365.423290203327,48,48,499,344,547,392
1,1001,385.656171422324,394.14671476987,200,209,264,265,464,474
1,1001,410.072525711233,52.4204621343662,151,114,333,1,484,115
1,1001,583.884646067117,72.5063553688241,148,152,515,1,663,153
1,1001,464.26455026455,291.94885361552,60,24,435,277,495,301
1,1001,660.991657670036,207.621454509765,99,123,611,145,710,268
1,1001,744.173008983547,147.42353891188,130,111,670,95,800,206
1,1001,199.973762945915,327.931185270426,150,165,144,222,294,387
1,1001,184.470969270874,281.977486373331,244,298,40,156,284,454
1,1001,134.81299833117,38.118301501947,158,84,52,1,210,85
1,1001,319.169915624091,193.439918533605,73,60,284,163,357,223
1,1001,450.78078271028,263.91886682243,112,196,393,173,505,369
1,1001,426.056426332288,176.137698827354,199,113,338,124,537,237
1,1001,356.454486345904,87.6611400086693,118,81,297,48,415,129
1,1001,255.963212273012,538.999686912962,171,135,170,465,341,600
1,1001,462.53316953317,362.770920653274,185,132,369,285,554,417
1,1001,576.2703120173,190.642055401092,104,101,524,141,628,242
1,1001,84.4005449591281,229.294277929155,14,27,78,215,92,242
1,1001,591.754985754986,364.381766381766,15,27,585,350,600,377
1,1001,641.446398184912,326.915201361316,56,112,614,275,670,387
1,1001,697.328571428571,169.5,13,26,691,157,704,183
1,1001,689.334862385321,258.022935779817,17,27,681,245,698,272
1,1001,666.115196078431,368.003676470588,29,36,651,350,680,386
1,1001,705.684840425532,391.321808510638,53,20,678,381,731,401
1,1001,434.991546914624,450.786136939983,54,43,413,427,467,470
1,1001,248.800517018527,398.151227919,80,55,214,377,294,432
1,1001,85.3651162790698,408.927906976744,49,22,66,401,115,423
1,1001,156.824018560632,426.533710059036,247,334,49,260,296,594
1,1001,168.732244196045,374.340498710232,115,114,112,320,227,434
1,1001,488.070986964618,382.350391061453,155,265,389,268,544,533
1,1001,490.156763590392,290.917825537295,47,47,468,268,515,315
1,1001,455.365751549795,485.266121890347,307,187,307,370,614,557
1,1001,168.706951691634,341.21326376031,134,225,93,236,227,461
1,1001,144.08443877551,430.909897959184,279,159,16,331,295,490
1,1001,458.497963006322,171.729688597518,473,138,211,87,684,225
1,1001,352.932601728659,417.673497135088,129,143,291,348,420,491
1,1001,141.864683301344,254.395393474088,36,39,124,236,160,275
1,1001,107.482282698049,335.484200810511,225,556,1,44,226,600
1,1001,137.295132275132,104.575767195767,98,128,91,44,189,172
1,1001,160.120021528525,274.268702906351,90,130,116,203,206,333
1,1001,318.610530555143,184.175996778091,171,370,240,1,411,371
1,1001,467.433720277102,436.56166581967,462,394,190,206,652,600
1,1001,482.318999060781,280.80732590903,121,153,426,206,547,359
1,1001,409.92705102717,520.262080848244,604,208,173,392,777,600
1,1001,421.222945960177,270.759814341713,184,513,312,17,496,530
1,1001,341.007356547327,182.286905345758,58,58,310,157,368,215
1,1001,412.897460561755,81.8953443632166,104,127,359,18,463,145
1,1001,205.322238211823,288.435924271591,335,330,37,164,372,494
1,1001,703.740271552004,208.910641200546,216,199,584,112,800,311
1,1001,545.090279670719,108.414872158317,154,297,485,1,639,298
1,1001,112.954947822958,300.509823677582,146,156,37,232,183,388
1,1001,176.495480021696,546.280419453987,122,109,113,491,235,600
1,1001,135.390328428236,161.209852847089,303,415,22,1,325,416
1,1001,285.204418304404,416.406561878804,416,346,68,237,484,583
1,1001,629.489744590434,385.502059754564,205,218,540,301,745,519
1,1001,767.936280651512,355.379183819581,77,206,723,277,800,483
1,1001,615.507129816944,206.772734001085,261,81,485,167,746,248
1,1001,178.864488736879,178.741243071117,210,186,80,77,290,263
1,1001,407.264825267203,281.231704095112,300,307,265,138,565,445
1,1001,427.329013611784,480.41394741749,139,88,358,436,497,524
1,1001,399.242819378026,528.615558261799,413,144,197,456,610,600
1,1001,111.695048265569,411.034857129101,250,215,1,313,251,528
1,1001,89.7574510360488,177.419812659665,207,84,1,137,208,221
1,1001,208.733535200606,280.070590461771,107,95,158,229,265,324
1,1001,422.821945328008,407.186975342597,283,198,281,301,564,499
1,1001,415.381266818932,463.987811220913,434,238,185,314,619,552
1,1001,664.020148791073,384.95830750155,140,81,599,337,739,418
1,1001,679.768642148825,305.545561021316,95,168,638,227,733,395
1,1001,392.398586321373,143.978782570347,371,255,206,13,577,268
1,1001,419.57232230346,277.610688173664,250,79,293,234,543,313
1,1001,275.932252324444,305.420815706054,402,599,78,1,480,600
1,1001,333.940673472093,95.2766472225905,202,213,234,1,436,214
1,1001,427.155526657997,303.286345903771,37,217,408,190,445,407
1,1001,425.759067357513,521.836713545522,101,189,367,411,468,600
1,1001,344.935386258455,394.729263082948,86,128,304,331,390,459
1,1001,308.427895981087,391.331614012465,238,306,195,294,433,600
1,1001,508.446474304251,308.276250640259,187,402,404,142,591,544
1,1001,485.255986949429,564.720783034258,221,74,375,526,596,600
1,1001,325.80414960415,319.317499317499,391,355,194,245,585,600
1,1001,445.551525618883,217.737478411054,66,41,412,197,478,238
1,1001,375.593479521059,326.804185739701,294,480,211,97,505,577
1,1001,384.018019657809,146.523298143429,73,103,350,97,423,200
1,1001,312.106367657648,487.064190926859,137,198,248,402,385,600
1,1001,531.471282952548,126.089701230228,442,94,340,71,782,165
1,1001,33.1844021611463,555.569415081043,79,75,1,515,80,590
1,1001,182.983679149798,518.416624493927,57,170,155,425,212,595
1,1001,497.779302725264,503.910483672968,383,173,271,417,654,590
1,1001,283.660564711506,378.330494204048,350,436,116,141,466,577
1,1001,291.369489253746,232.174668517543,153,199,218,141,371,340
1,1001,549.217310152465,94.1138665771868,512,196,288,1,800,197
1,1001,620.859807225139,384.112138547136,143,121,549,324,692,445
1,1001,352.818729139381,158.568845325109,273,290,227,14,500,304
1,1001,371.862115127175,271.822425972233,430,461,180,14,610,475
1,1001,50.0865136398521,304.36607828089,102,146,1,232,103,378
1,1001,582.242054198729,250.383071261291,97,245,527,110,624,355
1,1001,605.5625,337.225,16,5,598,335,614,340
1,1001,292.170436273984,303.771051865917,339,233,121,182,460,415
1,1001,495.383185649449,333.994164685541,55,98,466,284,521,382
1,1001,655.938901168298,389.113672245027,216,66,550,356,766,422
1,1001,516.20814479638,415.450226244344,40,26,497,402,537,428
1,1001,606.625,335.277573529412,32,37,589,317,621,354
1,1001,656.20820668693,281.121580547112,32,24,640,269,672,293
1,1001,649.135333546122,322.097031599106,59,67,622,288,681,355
1,1001,398.878452724102,329.651414540408,446,505,178,11,624,516
1,1001,251.951336898396,533.950267379679,90,53,209,506,299,559
1,1001,547.181239688899,528.582331683557,367,93,376,486,743,579
1,1001,661.351053159478,518.920762286861,47,59,635,488,682,547
1,1001,504.853433835846,534.578726968174,32,70,490,500,522,570
1,1001,455.029919447641,524.934407364787,30,48,439,500,469,548
1,1001,142.769527957291,153.511309356561,240,188,35,61,275,249
1,1001,249.64447695684,528.376005852231,178,75,161,490,339,565
1,1001,630.874629280129,572.270153680237,143,58,563,542,706,600
1,1001,618.068994009502,515.305721958273,96,59,572,486,668,545
1,1001,776.121127416725,557.324015839739,49,88,751,512,800,600
1,1001,346.131434663418,298.524337496193,351,459,173,44,524,503
1,1001,367.487007284187,178.324327116805,197,303,267,47,464,350
1,1001,549.815651413582,257.276595744681,89,129,504,192,593,321
1,1001,539.701615798923,224.257091561939,52,67,513,192,565,259
1,1001,154.418062982769,255.253238265003,107,135,104,181,211,316
1,1001,138.295371050698,212.434606906686,55,67,111,181,166,248
1,1001,215.965168172418,181.00957875258501,66,223,182,65,248,288
1,1001,217.445295404814,95.2685995623632,42,54,195,69,237,123
1,1001,105.664992272025,108.47076249356,96,198,58,7,154,205
1,1001,429.437691596516,450.796700890468,172,305,340,252,512,557
1,1001,523.126166007905,541.924901185771,96,100,480,492,576,592
1,1001,341.178112313938,156.948579161028,148,84,266,113,414,197
1,1001,243.772963604853,215.50907994876,185,271,133,82,318,353
1,1001,631.478919593713,201.872382681723,158,299,538,57,696,356
1,1001,653.619139868268,86.7830298333979,49,64,631,57,680,121
1,1001,261.118032786885,109.994379391101,47,59,237,82,284,141
1,1001,181.485313138899,91.6763257812826,265,181,49,1,314,182
1,1001,364.367305695119,388.61641451708,268,407,213,193,481,600
1,1001,712.243252053723,384.221628200113,180,432,620,168,800,600
1,1001,756.274376417234,384.741496598639,93,20,707,375,800,395
1,1001,223.776119402985,388.565031982942,66,11,190,383,256,394
1,1001,335.8,378.69756097561,35,6,318,376,353,382
1,1001,36.7051611627447,223.835871069804,74,85,1,183,75,268
1,1001,398.311500216169,231.243839169909,73,79,362,193,435,272
1,1001,714.257401129943,205.140564971751,75,85,678,168,753,253
1,1001,675.009316770186,394.409937888199,40,10,656,389,696,399
1,1001,161.904278922345,148.513470681458,213,45,73,121,286,166
1,1001,298.474842767296,357.072327044025,23,45,286,335,309,380
1,1001,420.084072863148,377.477814105558,138,17,351,369,489,386
1,1001,48.4855191556189,354.172564917278,185,417,1,183,186,600
1,1001,197.313183949974,582.520062532569,121,27,137,569,258,596
1,1001,359.06651335574,74.2221829117283,76,106,320,25,396,131
1,1001,763.739870921477,102.043026174256,74,92,726,56,800,148
1,1001,353.304134548003,236.054528731605,223,149,244,170,467,319
1,1001,737.663070132418,255.40969838156,145,163,655,179,800,342
1,1001,681.871200282301,349.98520441599,258,536,542,56,800,592
1,1001,350.972627372627,304.357464757465,252,533,227,30,479,563
1,1001,73.5750611246944,319.697399422094,208,474,1,102,209,576
1,1001,345.399636765635,363.876658243841,268,154,216,284,484,438
1,1001,32.5421450151057,158.461329305136,71,114,1,102,72,216
1,1001,106.688010274287,355.824832584167,206,132,9,295,215,427
1,1001,250.986513534121,418.069481509722,268,120,119,362,387,482
1,1001,567.031682943448,338.988076311606,207,245,459,203,666,448
1,1001,421.727567298106,390.905034895314,136,96,346,351,482,447
1,1001,685.790849673203,363.889251997095,400,62,386,335,786,397
1,1001,92.7776547730563,563.427744188027,169,81,11,519,180,600
1,1001,399.208886389201,565.767266591676,139,76,331,524,470,600
1,1001,612.146941109205,563.830760434534,154,79,538,521,692,600
1,1001,189.274390243902,426.720066518847,119,45,129,404,248,449
1,1001,143.792412911875,331.526697249628,249,206,22,228,271,434
1,1001,612.432359534819,538.786114613984,361,192,430,408,791,600
1,1001,629.181641036444,297.135032652201,78,278,590,162,668,440
1,1001,464.18041958042,57.5916083916084,80,21,425,47,505,68
1,1001,629.385542168675,195.301204819277,6,20,626,185,632,205
1,1001,634.452550697085,540.853216096324,125,125,573,475,698,600
1,1001,697.11001775298,260.643773776312,228,302,572,116,800,418
1,1001,526.549865229111,298.929919137466,21,20,516,289,537,309
1,1001,374.097022781825,135.604244746705,172,205,280,41,452,246
1,1001,607.636994316282,35.6260448010699,176,83,518,1,694,84
1,1001,519.853605560382,566.367072111208,99,71,469,529,568,600
1,1001,520.782140595314,185.743779969239,148,128,447,129,595,257
1,1001,622.373655913978,18.2150537634409,57,20,594,9,651,29
1,1001,241.967713164467,241.138448600989,489,391,1,41,490,432
1,1001,505.93168040077,394.032526227901,354,290,330,202,684,492
1,1001,510.878183419128,244.051578163099,264,261,383,129,647,390
1,1001,766.84399621809,577.082256539552,69,49,731,551,800,600
1,1001,410.474324324324,165.233633633634,50,151,385,91,435,242
1,1001,609.038461538462,271.276923076923,20,15,598,264,618,279
1,1001,721.84496124031,178.518272425249,36,28,704,164,740,192
1,1001,472.707825315894,184.875748171137,111,155,429,106,540,261
1,1001,328.001234567901,210.041872427984,101,172,275,126,376,298
1,1001,652.457399743114,169.307787450645,300,372,500,1,800,373
1,1001,637.248084613372,484.983593078447,321,248,479,352,800,600
1,1001,206.448710959966,354.689855217424,722,573,1,27,723,600
1,1001,439.988580327018,29.0781209447184,115,71,401,1,516,72
1,1001,450.486493506494,65.183030303030307,145,136,371,1,516,137
1,1001,285.829708199463,323.599859161128,433,589,120,11,553,600
1,1001,319.383276320791,401.735385784873,166,105,234,352,400,457
1,1001,533.510416666667,467.792381974249,160,166,457,387,617,553
1,1001,187.117058311575,66.9754134029591,51,98,161,16,212,114
1,1001,306.378950746029,107.217672068025,176,202,218,11,394,213
1,1001,271.041923551171,10.0937114673243,47,24,251,1,298,25
1,1001,707.437953488372,29.969488372093,185,60,615,1,800,61
1,1001,627.084761904762,258.301904761905,39,480,604,15,643,495
1,1001,68.2862859931674,559.046364080039,143,104,1,496,144,600
1,1001,720.867983530515,383.296346484599,196,130,604,316,800,446
1,1001,333.567255798624,314.370226177234,290,347,222,148,512,495
1,1001,580.507571094423,87.3955083449113,436,151,364,14,800,165
1,1001,638.699105341637,81.8359793000614,278,112,497,29,775,141
1,1001,92.2891816920943,228.971963542699,104,175,40,166,144,341
1,1001,316.961223362083,366.041803810393,255,317,205,202,460,519
1,1001,290.706995412844,395.846330275229,51,44,266,373,317,417
1,1001,558.921398002853,378.186614360437,233,304,449,214,682,518
1,1001,298.618515333907,250.325881341359,91,98,254,202,345,300
1,1001,553.635398981324,261.235427277872,97,96,504,211,601,307
1,1001,78.9615520282187,102.21975308642,58,60,50,72,108,132
1,1001,641.065047021944,241.199575655631,220,544,518,25,738,569
1,1001,616.582264623084,73.3984985924304,88,105,574,25,662,130
1,1001,395.871852087982,296.361810647115,88,93,352,250,440,343
1,1001,313.577951089512,395.904530490673,312,287,155,251,467,538
1,1001,284.40625,327.442708333333,35,32,266,310,301,342
1,1001,513.735244134958,297.732674293294,188,596,412,4,600,600
1,1001,510.148863812027,64.6560519400216,70,163,478,4,548,167
1,1001,421.620596205962,165.478319783198,62,71,386,119,448,190
1,1001,790.035398230089,79.3075221238938,28,48,772,59,800,107
1,1001,686.66235543694,461.381920208034,198,179,578,390,776,569
1,1001,606.154234436343,414.647784632642,52,54,578,390,630,444
1,1001,778.240617991528,310.089658609519,63,545,737,25,800,570
1,1001,213.849048517058,436.774515686611,160,235,124,304,284,539
1,1001,176.72091886608,449.292766373412,80,42,142,426,222,468
1,1001,607.202850877193,528.180555555556,59,70,581,488,640,558
1,1001,215.991184946601,26.0444143075097,268,32,85,7,353,39
1,1001,705.718620689655,401.403448275862,121,19,652,390,773,409
1,1001,504.901481575282,358.342137158776,227,371,386,169,613,540
1,1001,517.677282104177,226.997679216091,86,118,473,173,559,291
1,1001,601.5,307.5,21,3,591,306,612,309
1,1001,731.668631303209,176.619515389653,37,52,714,150,751,202
1,1001,577.748630553865,206.535605599513,48,45,556,186,604,231
1,1001,265.675438596491,318.376461988304,43,43,244,299,287,342
1,1001,310.201944894652,500.536466774716,111,107,268,427,379,534
1,1001,309.343876723439,512.068126520681,47,31,286,496,333,527
1,1001,470.86464,287.10576,148,129,397,223,545,352
1,1001,605.375607057232,337.999692629249,156,328,529,186,685,514
1,1001,451.06887755102,490.448979591837,24,27,439,477,463,504
1,1001,326.52699313622,421.830121436114,147,274,244,299,391,573
1,1001,81.2498387790198,403.095550300946,179,135,1,338,180,473
1,1001,355.696191575303,298.807751490671,145,117,287,239,432,356
1,1001,100.165992847147,198.606981806873,170,264,34,53,204,317
1,1001,139.926778242678,206.981171548117,35,21,126,197,161,218
1,1001,486.708366323568,434.8735814199,123,124,435,369,558,493
1,1001,475.92427184466,388.126213592233,23,29,465,373,488,402
1,1001,763.124064171123,225.380392156863,54,60,736,193,790,253
1,1001,551.54465301479,227.238196814562,273,205,418,65,691,270
1,1001,158.570257174804,48.1794011678469,178,58,72,19,250,77
1,1001,71.545383975603,406.545273080122,188,273,1,327,189,600
1,1001,158.753863766457,363.1375930166,299,239,1,269,300,508
1,1001,223.875322072717,320.859862582307,126,173,160,258,286,431
1,1001,662.061280201781,334.548799618585,421,599,379,1,800,600
1,1001,81.6192337763878,361.545738858483,81,87,41,321,122,408
1,1001,229.407256761125,373.577874151492,285,273,101,197,386,470
1,1001,672.343059936909,132.650609008062,235,310,552,1,787,311
1,1001,488.888145635243,420.083950499307,229,139,372,350,601,489
1,1001,413.355471562275,312.065514758819,71,96,379,268,450,364
1,1001,396.660668380463,317.39588688946,25,20,384,307,409,327
1,1001,388.402156946218,276.39648077196,219,112,288,225,507,337
1,1001,355.999404939006,278.129425766141,184,72,289,244,473,316
1,1001,248.998962117281,320.020757654385,69,33,215,304,284,337
1,1001,42.3361290910748,470.335308596955,105,142,1,398,106,540
1,1001,489.756646216769,539.237218813906,85,81,448,497,533,578
1,1001,518.311425061425,442.883292383292,95,69,466,403,561,472
1,1001,119.636393044885,495.834290335625,188,193,1,407,189,600
1,1001,622.678966789668,429.339852398524,58,116,596,375,654,491
1,1001,252.967031342401,142.700547013601,176,222,167,26,343,248
1,1001,336.192601052331,245.378594444671,252,189,197,154,449,343
1,1001,613.493145269967,274.220393495643,354,293,416,125,770,418
1,1001,644.536096814578,576.24773960217,175,60,549,540,724,600
1,1001,769.757787973919,570.325042260324,80,82,720,518,800,600
1,1001,753.353846153846,471.385195936139,132,137,668,409,800,546
1,1001,115.276422764228,306.178861788618,23,31,103,291,126,322
1,1001,520.837401654226,178.547710308654,84,89,479,140,563,229
1,1001,87.1668390210272,586.870044812134,124,33,18,567,142,600
1,1001,114.504605263158,255.969078947368,54,67,87,223,141,290
1,1001,93.6484848484849,305.854545454545,22,17,83,298,105,315
1,1001,174.440761203192,288.553100061387,76,37,137,270,213,307
1,1001,130.177197802198,338.593406593407,33,31,115,323,148,354
1,1001,154.29472693032,382.110169491525,27,41,140,361,167,402
1,1001,212.457947530864,378.396604938272,66,56,176,350,242,406
1,1001,379.385536823425,289.861135758651,89,103,332,241,421,344
1,1001,309.468139648438,379.974853515625,164,78,241,343,405,421
1,1001,394.291627062991,466.690313661108,153,94,317,418,470,512
1,1001,671.034714749851,383.175119877146,405,501,395,99,800,600
1,1001,62.8281505728314,584.574468085106,52,18,37,576,89,594
1,1001,107.420963035019,559.10530155642,113,91,33,509,146,600
1,1001,78.9095131202105,429.357148386098,186,140,1,368,187,508
1,1001,165.851910230429,339.153944306838,258,75,40,300,298,375
1,1001,652.105862183913,189.488832801562,138,188,586,99,724,287
1,1001,453.013068562995,503.862149470012,338,146,287,429,625,575
1,1001,500.069918076158,252.457861222107,181,591,410,9,591,600
1,1001,501.797971965404,97.8171786459887,131,182,432,9,563,191
1,1001,312.043712269031,329.411861765515,279,563,146,37,425,600
1,1001,307.263176024802,105.368067516362,110,143,254,37,364,180
1,1001,53.1657565615642,517.414215254536,123,134,1,447,124,581
1,1001,76.7772390188249,202.760125499144,73,93,39,159,112,252
1,1001,754.510012674271,214.89835234474,66,88,723,167,789,255
1,1001,347.592326139089,419.395683453237,39,39,328,400,367,439
1,1001,316.62747458534,442.087078651685,431,243,99,307,530,550
1,1001,75.1403690762175,320.777735313387,173,454,1,114,174,568
1,1001,71.0385465259023,152.067272280874,67,79,39,114,106,193
1,1001,360.19594523248,137.97247544965,350,182,178,53,528,235
1,1001,676.473292344411,319.359612940047,247,485,508,106,755,591
1,1001,655.260708166762,140.56025128498,62,76,623,106,685,182
1,1001,353.424740484429,448.967820069204,251,56,230,418,481,474
1,1001,362.443266974491,348.433843009613,204,174,262,259,466,433
1,1001,425.233933379212,157.217284218914,273,369,279,1,552,370
1,1001,65.2556163912691,165.113825529721,146,431,1,1,147,432
1,1001,748.545412418906,189.521624961384,125,76,675,148,800,224
1,1001,422.099341309316,378.146659497244,90,104,376,329,466,433
1,1001,153.62347107438,336.327768595041,161,48,79,314,240,362
1,1001,375.426739062008,280.676463644948,221,204,266,175,487,379
1,1001,302.499235766144,224.337600305694,78,112,266,175,344,287
1,1001,92.4417238001959,425.621449559256,60,106,55,354,115,460
1,1001,212.657698056801,247.27802690583,45,42,193,226,238,268
1,1001,277.908458498024,40.941185770751,226,63,174,5,400,68
1,1001,71.0596658711217,270.415274463007,36,44,51,249,87,293
1,1001,113.739595719382,327.964328180737,48,31,91,312,139,343
1,1001,475,318.689655172414,10,14,470,312,480,326
1,1001,530.501757469244,331.26625659051,81,53,480,304,561,357
1,1001,705.0875,507.55625,14,13,698,501,712,514
1,1001,520.572881355932,580.738983050847,19,18,511,572,530,590
1,1001,494.494773519164,587.878048780488,19,18,485,579,504,597
1,1001,241.287958115183,27.2198952879581,15,14,234,20,249,34
1,1001,56.2927927927928,338.90990990991,24,57,43,311,67,368
1,1001,22.6602921153608,335.604592152494,57,391,1,124,58,515
1,1001,170.265841983032,374.083653253709,189,317,75,224,264,541
1,1001,147.199286139203,249.950624628197,45,61,128,224,173,285
1,1001,220.321841851495,358.983003857281,86,279,184,229,270,508
1,1001,306.55064516129,339.957096774194,160,265,232,211,392,476
1,1001,313.87030075188,228.321428571429,42,33,293,211,335,244
1,1001,438.713780918728,352.356961130742,109,270,392,222,501,492
1,1001,454.264411990776,241.336664104535,44,38,433,222,477,260
1,1001,98.1413511877204,469.43797856049,209,212,1,388,210,600
1,1001,363.634649709951,403.872768853191,161,338,288,170,449,508
1,1001,347.731957400204,342.163827939122,234,488,234,112,468,600
1,1001,334.867574530732,180.799190283401,120,143,275,112,395,255
1,1001,321.393010879764,135.142246288059,568,310,43,1,611,311
1,1001,610.146604689693,489.781209011206,207,238,509,362,716,600
1,1001,455.249056603774,575.932075471698,25,17,443,566,468,583
1,1001,28.5734714003945,34.0527613412229,35,61,10,4,45,65
1,1001,256.817393399181,388.087689713322,72,68,221,353,293,421
1,1001,257.317535869602,240.75646337705,189,248,156,93,345,341
1,1001,269.850714093236,131.262462947992,57,77,242,95,299,172
1,1001,438.151556156969,363.365358592693,40,43,418,342,458,385
1,1001,467.286597938144,349.373195876289,23,24,456,337,479,361
1,1001,710.686419753086,359.653497942387,38,38,691,341,729,379
1,1001,143.375917134225,143.236944324558,47,48,120,119,167,167
1,1001,712.69442131557,133.895087427144,47,51,689,108,736,159
1,1001,174.618805590851,235.848792884371,7,210,172,129,179,339
1,1001,667.281390856407,329.657437218287,178,56,573,303,751,359
1,1001,21.2938797045375,283.313313401337,50,283,1,129,51,412
1,1001,82.7444331983806,326.582995951417,73,45,48,304,121,349
1,1001,702.287203958996,420.107988688583,110,120,651,366,761,486
1,1001,158.3820825863,433.540140584536,270,200,21,329,291,529
1,1001,330.777994385527,318.713271990019,98,152,283,246,381,398
1,1001,424.160494095172,477.213159951372,306,217,276,371,582,588
1,1001,569.916156909048,243.034202956804,631,599,169,1,800,600
1,1001,425.505497707887,122.270827962654,393,289,208,1,601,290
1,1001,108.26001635323,475.610793131644,160,103,45,428,205,531
1,1001,54.2640370295834,241.647413966593,45,164,32,160,77,324
1,1001,256.420925583676,384.537924791612,222,409,144,170,366,579
1,1001,498.840260080501,376.096910948627,374,325,337,210,711,535
1,1001,428.48855184483,254.721744203004,147,85,337,210,484,295
1,1001,508.131843575419,578.366480446927,73,50,473,550,546,600
1,1001,271.929804299005,450.474430542188,172,130,182,377,354,507
1,1001,491.102963679536,302.970116964207,235,398,383,107,618,505
1,1001,465.025429234339,202.059675174014,190,202,383,108,573,310
1,1001,181.2453125,383.0921875,77,86,144,345,221,431
1,1001,119.815965658475,141.260889256459,378,396,1,1,379,397
1,1001,222.659200968523,189.958787328491,196,222,125,84,321,306
1,1001,74.898098989553,436.110635382771,110,141,21,366,131,507
1,1001,393.810553884955,152.969347172374,134,185,325,63,459,248
1,1001,402.388589398023,96.5130278526505,40,70,383,63,423,133
1,1001,433.023351648352,277.652472527473,54,26,404,264,458,290
1,1001,439.515033407572,199.255011135857,75,38,398,182,473,220
1,1001,552.041806020067,176.885451505017,48,118,525,131,573,249
1,1001,657.414431578806,269.435241711503,257,564,523,7,780,571
1,1001,694.738134574947,68.7436167017122,140,131,625,7,765,138
1,1001,234.628432765152,136.441761363636,90,122,189,81,279,203
1,1001,560.128295254833,78.713532513181,36,38,542,61,578,99
1,1001,539.840502208789,121.063473610788,72,115,506,61,578,176
1,1001,305.475372750643,330.365244215938,126,104,243,280,369,384
1,1001,201.140470943046,307.760120635657,193,87,122,265,315,352
1,1001,270.585828648252,212.232614275238,390,221,131,81,521,302
1,1001,290.214368401556,289.077468049639,424,477,62,59,486,536
1,1001,322.337360314105,96.2932648746602,56,82,291,59,347,141
1,1001,449.676622630672,163.931648477886,133,24,388,152,521,176
1,1001,469.935468676401,218.388601036269,119,46,394,196,513,242
1,1001,761.296588666479,256.653791936848,92,63,708,224,800,287
1,1001,57.7840469208211,317.55366568915,129,457,1,143,130,600
1,1001,149.660144643157,383.02044439461,233,486,11,114,244,600
1,1001,126.469584991472,160.433958688649,75,102,86,110,161,212
1,1001,130.149387645238,407.808801758557,281,378,23,191,304,569
1,1001,563.23397260274,340.70301369863,61,380,522,214,583,594
1,1001,750.671951951952,205.975855855856,117,414,683,26,800,440
1,1001,588.150784931093,319.278593391684,374,585,426,15,800,600
1,1001,546.282817780088,120.044227412826,178,228,458,15,636,243
1,1001,383.752994011976,523.694610778443,74,21,349,512,423,533
1,1001,96.0521042084168,266.411399069325,192,210,1,171,193,381
1,1001,279.464297350811,410.373054462518,331,365,134,212,465,577
1,1001,643.820254240563,428.224179900313,264,256,517,307,781,563
1,1001,410.082529622486,236.891430146046,142,196,336,135,478,331
1,1001,539.189424753051,152.156066768792,136,315,473,1,609,316
1,1001,505.077932098765,162.052854938272,27,128,491,96,518,224
1,1001,548.57552581262,176.13240917782,60,204,519,71,579,275
1,1001,404.990255785627,462.641900121803,132,239,369,359,501,598
1,1001,498.798007981053,288.625669143172,211,152,395,210,606,362
1,1001,745.535398230089,286.652654867257,12,38,740,267,752,305
1,1001,177.764772087788,478.031513787282,84,24,135,466,219,490
1,1001,339.625850822462,486.475911089053,377,247,208,353,585,600
1,1001,28.6788124156545,103.606387764283,41,102,1,59,42,161
1,1001,108.262878787879,328.176262626263,70,73,73,293,143,366
1,1001,13.372885979269,88.8363338788871,32,153,1,12,33,165
1,1001,342.214710490706,416.978847660423,441,313,136,236,577,549
1,1001,314.804179918219,273.093820990459,77,84,280,236,357,320
1,1001,89.3879017013233,360.081663516068,185,19,1,349,186,368
1,1001,249.645454545455,79.7141414141414,40,31,229,65,269,96
1,1001,156.237044145873,136.104606525912,43,29,136,121,179,150
1,1001,170.470617365467,258.175222845824,350,85,26,225,376,310
1,1001,199.378547275095,276.245056218709,462,258,1,162,463,420
1,1001,153.303034142016,99.9278520301514,208,178,21,1,229,179
1,1001,157.610622850592,26.9224302636607,52,57,131,1,183,58
1,1001,265.232131650513,84.720591311624,106,162,211,1,317,163
1,1001,618.749613714958,99.9543079979398,278,213,475,1,753,214
1,1001,492.72972972973,372.216216216216,4,10,491,367,495,377
1,1001,262.402843601896,291.720379146919,33,7,246,288,279,295
1,1001,316.079598662207,235.648160535117,58,30,284,222,342,252
1,1001,223.583569405099,403.839943342776,39,27,201,392,240,419
1,1001,355.017563117453,384.34174899378,174,49,249,354,423,403
1,1001,443.439716312057,425.446808510638,19,7,434,422,453,429
1,1001,516.949954504095,417.320291173794,49,37,487,397,536,434
1,1001,476.185185185185,344.555555555556,4,7,474,341,478,348
1,1001,290.381231671554,347.909090909091,60,17,260,340,320,357
1,1001,733.109300447772,539.517800778096,240,183,560,417,800,600
1,1001,87.977153852882,442.70838799965,278,442,1,158,279,600
1,1001,401.281017210378,292.245568969946,56,81,373,251,429,332
1,1001,43.9185637608736,225.590412733666,93,140,1,158,94,298
1,1001,232.905956112853,310.343573667712,72,33,201,292,273,325
1,1001,242.450278991306,283.001816687573,192,197,148,164,340,361
1,1001,267.074368825467,203.94785949506,60,86,238,164,298,250
1,1001,548.070026494972,353.683969117689,201,437,446,163,647,600
1,1001,538.864182692308,199.067548076923,68,81,503,163,571,244
1,1001,83.2499841621793,95.0549255622426,143,143,10,24,153,167
1,1001,500.204721582404,405.386564369397,513,422,244,178,757,600
1,1001,667.002222602154,143.797059326381,211,175,555,54,766,229
1,1001,661.351255098839,116.855506746156,324,277,476,1,800,278
1,1001,346.396898334291,388.92073520965,77,169,308,303,385,472
1,1001,544.52260084488,335.459491757339,449,599,289,1,738,600
1,1001,576.753556133374,78.9817604772102,189,206,484,1,673,207
1,1001,756.853344768439,150.71385077187,141,303,659,1,800,304
1,1001,767.932284840542,49.237003058104,61,104,739,1,800,105
1,1001,311.959119496855,255.02358490566,131,163,257,187,388,350
1,1001,182.180870583642,439.423091938317,277,328,59,272,336,600
1,1001,57.4984750784245,286.216582432903,152,259,1,177,153,436
1,1001,97.9769058852744,92.5239632480755,56,85,70,50,126,135
1,1001,310.833684681827,127.021472678768,287,343,154,1,441,344
1,1001,406.047619047619,100.839285714286,16,14,399,94,415,108
1,1001,511.937386569873,218.30943738657,75,16,474,210,549,226
1,1001,436.011608623549,250.656218905473,111,124,388,197,499,321
1,1001,443.708912037037,217.50462962963,60,48,409,197,469,245
1,1001,337.074207046822,464.891326416916,361,196,124,356,485,552
1,1001,449.153415453527,386.429731243001,75,67,410,356,485,423
1,1001,451.194991055456,544.592128801431,64,14,418,538,482,552
1,1001,82.7462731302551,389.054739631809,186,435,1,165,187,600
1,1001,92.4792078253746,251.828892208355,151,181,17,165,168,346
1,1001,331.690705042152,504.374429468936,212,172,208,415,420,587
1,1001,329.381362938467,269.382189677572,96,116,281,214,377,330
1,1001,326.039332442539,338.663019791769,369,599,137,1,506,600
1,1001,579.773559333105,450.898136808243,267,335,451,265,718,600
1,1001,555.793023640271,376.667746734998,244,224,460,265,704,489
1,1001,733.947036925244,379.500855216823,156,415,644,185,800,600
1,1001,718.815809097688,267.895333972515,148,167,644,185,792,352
1,1001,350.712414473794,159.785235123877,698,434,52,1,750,435
1,1001,451.260296824666,407.540324436263,142,155,380,330,522,485
1,1001,104.045652524601,554.962735925149,142,126,33,474,175,600
1,1001,599.61812987013,493.316727272727,152,158,523,416,675,574
1,1001,516.754046166092,579.257628018042,101,54,464,546,565,600
1,1001,228.131731768445,497.346088799234,350,202,39,398,389,600
1,1001,753.289221327196,381.759014192558,113,347,687,185,800,532
1,1001,491.900264273861,93.4075963370414,475,243,275,1,750,244
1,1001,246.9372598874,277.14425615736,321,491,104,20,425,511
1,1001,405.643171631431,330.84947046924,197,198,309,223,506,421
1,1001,386.601923076923,561.8,81,66,344,529,425,595
1,1001,558.181425485961,422.071274298056,83,70,517,388,600,458
1,1001,684.189802390827,384.719443766772,88,80,647,339,735,419
1,1001,259.128552176715,95.7817425440909,139,168,188,16,327,184
1,1001,64.5473684210526,387.195789473684,27,27,53,376,80,403
1,1001,417.643880052619,360.734625388663,555,421,123,140,678,561
1,1001,558.696002210032,145.52342239236,193,195,478,52,671,247
1,1001,390.925165772024,90.6491948215977,100,131,336,27,436,158
1,1001,524.246520874751,158.124254473161,45,38,505,137,550,175
1,1001,118.824660648094,217.764126209204,261,441,1,1,262,442
1,1001,376.171626844199,351.216874947107,264,540,227,40,491,580
1,1001,595.109570269678,483.549934224951,168,277,520,304,688,581
1,1001,553.728398458998,320.218216840947,105,69,502,283,607,352
1,1001,561.117870722434,395.241272035949,50,78,537,354,587,432
1,1001,222.847305826128,410.671190398015,263,387,86,207,349,594
1,1001,416.01135734072,282.83296398892,140,173,333,215,473,388
1,1001,242.277818314484,249.783290769792,82,84,200,209,282,293
1,1001,478.040944387795,359.568358302612,141,163,408,275,549,438
1,1001,635.803682017791,200.527361783583,229,338,507,1,736,339
1,1001,537.373706004141,62.0290545203589,142,167,461,1,603,168
1,1001,292.724926708841,107.131692640025,176,200,202,1,378,201
1,1001,265.590561302565,378.395237803758,100,262,209,250,309,512
1,1001,260.161557580779,287.156034244684,68,73,227,250,295,323
1,1001,469.101092977104,225.491543496934,229,402,326,52,555,454
1,1001,611.315340186712,387.077481928148,309,241,470,279,779,520
1,1001,443.936800526662,94.9457976739083,74,90,404,52,478,142
1,1001,261.620024435728,217.404089769147,130,163,197,151,327,314
1,1001,515.592959042798,311.985043718362,94,70,469,279,563,349
1,1001,223.937921886514,428.88784082535,167,345,148,255,315,600
1,1001,377.911137198857,502.448550428746,201,143,284,431,485,574
1,1001,588.432058551494,308.502422889774,318,537,418,14,736,551
1,1001,229.72671240842,309.789394115595,100,111,180,255,280,366
1,1001,535.485009531512,90.321471896482,157,161,462,8,619,169
1,1001,333.162004662005,387.958041958042,26,38,320,369,346,407
1,1001,76.485446685879,234.424186908193,209,418,1,68,210,486
1,1001,127.569720072164,514.075074201245,274,216,1,384,275,600
1,1001,653.734047652615,405.263301846891,242,186,533,314,775,500
1,1001,746.819107415578,533.441710503988,89,83,702,491,791,574
1,1001,80.9833164209395,176.227033964066,209,222,1,68,210,290
1,1001,257.343939832224,405.168812072124,217,286,167,266,384,552
1,1001,268.489114928983,183.414252930596,142,143,196,110,338,253
1,1001,361.394121059756,133.602301295687,105,139,307,68,412,207
1,1001,665.808763292372,174.599167433855,294,317,506,17,800,334
1,1001,524.106303621421,451.68567687167,424,325,301,275,725,600
1,1001,101.543225729388,162.370472123511,202,202,1,60,203,262
1,1001,81.7830741839763,424.072617210682,179,273,1,287,180,560
1,1001,144.07962962963,154.546666666667,63,80,111,117,174,197
1,1001,450.507421327558,195.061297617531,451,542,212,1,663,543
1,1001,144.852585084986,166.457112434436,217,169,47,80,264,249
1,1001,115.367126574685,285.812237552489,54,48,93,261,147,309
1,1001,200.660014513788,299.17114175133,121,103,139,247,260,350
1,1001,51.3727901614143,364.434153215475,114,107,1,313,115,420
1,1001,550.984071211056,118.92176153666,78,83,507,72,585,155
1,1001,339.908188346426,69.1669478047135,166,163,253,1,419,164
1,1001,381.832406301872,471.152596173447,388,143,164,401,552,544
1,1001,85.8893386176462,202.39567698232,192,230,1,87,193,317
1,1001,277.354120852069,149.487904946335,183,209,190,47,373,256
1,1001,360.116564097215,291.260613330552,418,274,203,146,621,420
1,1001,439.029737123825,413.076602830974,190,155,353,343,543,498
1,1001,183.89744176418,208.532958532174,354,396,1,13,355,409
1,1001,600.006516558526,353.801058677146,422,405,378,151,800,556
1,1001,144.255813953488,99.7217915590009,171,72,60,64,231,136
1,1001,203.397831800263,274.298948751643,166,129,117,207,283,336
1,1001,139.204437465311,271.260995519216,342,340,1,107,343,447
1,1001,452.116337522442,314.15368043088,78,53,413,287,491,340
1,1001,467.45352743561,365.881298992161,91,53,422,339,513,392
1,1001,595.617007672634,341.19820971867,149,33,529,324,678,357
1,1001,675.09863053613,275.026150932401,195,167,596,201,791,368
1,1001,562.976401179941,274.616519174041,29,19,550,264,579,283
1,1001,600.974520969284,388.95652354628203,188,151,501,313,689,464
1,1001,142.408237874726,427.155495978552,122,104,85,375,207,479
1,1001,338.000426439232,315.815351812367,73,44,301,294,374,338
1,1001,451.339468190309,182.115097242061,330,199,255,97,585,296
1,1001,401.864349489796,222.718367346939,255,121,272,158,527,279
1,1001,503.825213834139,278.201561918929,89,49,457,253,546,302
1,1001,149.704968119022,75.0023910733263,103,105,96,27,199,132
1,1001,571.564666994866,78.6857725578451,133,136,501,11,634,147
1,1001,364.76581027668,101.358201581028,49,52,338,76,387,128
1,1001,160.713122305946,232.045013326314,240,381,42,24,282,405
1,1001,335.586525198939,221.596233421751,130,305,257,76,387,381
1,1001,550.924690377431,296.200953137411,192,589,457,11,649,600
1,1001,87.7947658402204,413.872819100092,185,44,1,390,186,434
1,1001,540.08967173739,303.846277021617,33,48,522,281,555,329
1,1001,539.414231257942,391.426742253934,101,229,490,281,591,510
1,1001,187.875545851528,224.816593886463,28,21,174,214,202,235
1,1001,191.023971053822,282.254862053369,59,161,167,213,226,374
1,1001,428.598596842897,153.534452518166,141,217,362,20,503,237
1,1001,480.821917808219,218.027397260274,15,32,473,202,488,234
1,1001,379.031073446328,210.098870056497,15,40,371,191,386,231
1,1001,418.982486865149,153.624343257443,53,25,393,142,446,167
1,1001,269.468742338809,171.157391517529,162,179,188,82,350,261
1,1001,296.589013602914,239.384761763176,777,361,23,1,800,362
1,1001,146.109402494071,384.811108560936,209,89,25,338,234,427
1,1001,277.125748502994,341.661676646707,65,38,242,321,307,359
1,1001,586.789031155148,146.405505355336,177,261,502,9,679,270
1,1001,578.856366663745,74.470949084217,114,145,520,9,634,154
1,1001,73.6984375,181.3640625,30,25,59,169,89,194
1,1001,407.030423452769,140.411465798046,135,150,333,73,468,223
1,1001,38.5113329735564,266.823259579061,70,53,4,241,74,294
1,1001,418.011171497585,444.486413043478,56,76,389,404,445,480
1,1001,428.49727520436,462.99727520436,30,28,413,449,443,477
1,1001,130.744636316065,249.666143380429,53,53,104,225,157,278
1,1001,475.686405560754,452.297420130999,73,115,441,397,514,512
1,1001,332.789416846652,481.719222462203,25,43,320,462,345,505
1,1001,158.269132653061,130.75318877551,37,62,141,103,178,165
1,1001,104.241376563371,362.352903688361,101,355,54,222,155,577
1,1001,115.127425614489,360.648447606727,73,116,70,290,143,406
1,1001,222.216111915099,231.440424505548,45,58,199,203,244,261
1,1001,227.394038165225,328.552743866303,126,242,176,204,302,446
1,1001,543.456614509246,308.7713371266,137,105,503,244,640,349
1,1001,415.656035021889,231.647904940588,34,58,398,204,432,262
1,1001,416.585885251672,315.716913058782,106,211,367,207,473,418
1,1001,550.662482566248,221.322873082287,33,53,533,197,566,250
1,1001,546.362012593848,351.746609348511,127,334,478,197,605,531
1,1001,652.341721854305,227.401324503311,49,49,629,205,678,254
1,1001,660.918511741385,367.906251906069,100,386,601,205,701,591
1,1001,639.954163976759,251.195610071014,69,129,600,167,669,296
1,1001,303.102919708029,359.603962460897,122,257,253,178,375,435
1,1001,433.743383199079,298.882048331415,93,90,399,242,492,332
1,1001,304.53393258427,443.318202247191,132,47,222,420,354,467
1,1001,152.173398273541,221.974736675378,164,209,70,128,234,337
1,1001,172.395708221978,389.186456531992,491,473,1,127,492,600
1,1001,450.03869541183,397.91597567717,27,170,439,303,466,473
1,1001,452.230475497773,213.954177652514,126,138,381,147,507,285
1,1001,513.100083810588,368.099228244168,261,455,378,145,639,600
1,1001,427.519073837381,541.937223478517,180,128,338,472,518,600
1,1001,446.239312039312,508.044303633777,224,208,334,392,558,600
1,1001,51.8770699172033,142.853150873965,99,96,3,94,102,190
1,1001,773.625461254613,257.60332103321,41,39,754,238,795,277
1,1001,759.381512156025,294.762222815923,68,112,732,239,800,351
1,1001,779.701688555347,343.574734208881,41,42,759,322,800,364
1,1001,202.215938098277,292.169791001914,147,208,130,193,277,401
1,1001,169.29478054567,436.690578760067,340,407,1,193,341,600
1,1001,513.391816529858,146.254589886584,100,202,460,52,560,254
1,1001,547.643280595568,313.294316501162,329,510,377,52,706,562
1,1001,324.8012033091,198.229882175984,57,92,295,156,352,248
1,1001,333.603937172775,309.440418848168,130,303,270,156,400,459
1,1001,710.19554082555,359.379933714974,46,93,688,312,734,405
1,1001,713.150226708872,409.971255026093,109,165,660,312,769,477
1,1001,66.4540331398772,149.539153839684,79,309,26,60,105,369
1,1001,64.3159708923784,110.071237073918,56,56,36,82,92,138
1,1001,444.547665641599,375.495387195974,240,32,324,361,564,393
1,1001,234.13903192585,128.270854788877,31,78,218,101,249,179
1,1001,76.2092846270928,62.9847792998478,19,117,67,3,86,120
1,1001,123.77214600579,329.19869939043,211,556,8,44,219,600
1,1001,133.081641858367,82.1332882273342,71,81,97,44,168,125
1,1001,371.852374123646,343.192080943276,119,144,311,273,430,417
1,1001,386.060786140943,468.922989963183,304,327,250,273,554,600
1,1001,274.55074875208,347.447587354409,20,31,264,333,284,364
1,1001,749.496131769404,471.209383578737,73,89,711,430,784,519
1,1001,670.185376900679,342.95273014846,180,496,577,104,757,600
1,1001,683.840899878395,147.417713822456,68,90,648,104,716,194
1,1001,366.807368950526,404.109061186361,272,270,233,273,505,543
1,1001,364.144696011953,400.95345362602,181,179,273,312,454,491
1,1001,585.351752993796,415.249531092195,175,106,500,359,675,465
1,1001,587.247861547643,385.458950240132,231,221,472,275,703,496
1,1001,139.844549395269,311.134525848229,495,599,1,1,496,600
1,1001,195.81188542112,101.457000032887,169,221,107,1,276,222
1,1001,570.524923902233,366.96888279437,346,522,421,78,767,600
1,1001,498.99736852759,179.905955224485,162,215,420,78,582,293
1,1001,565.770630279402,530.022742040286,67,34,536,513,603,547
1,1001,559.461894273128,327.808370044053,190,51,482,303,672,354
1,1001,166.012982689747,424.585719041278,175,256,66,301,241,557
1,1001,129.443813131313,326.592803030303,41,48,110,301,151,349
1,1001,369.668660168512,225.239947133653,184,468,278,58,462,526
1,1001,368.511243565429,288.488756434571,85,85,326,246,411,331
1,1001,619.141939605891,222.977032752707,182,442,531,60,713,502
1,1001,617.022749341101,287,84,84,575,245,659,329
1,1001,316.901876675603,62.2278820375335,146,40,242,46,388,86
1,1001,444.019517795637,485.621125143513,31,101,425,438,456,539
1,1001,446.854304635762,444.668874172185,14,13,440,438,454,451
1,1001,256.454545454545,255.134796238245,36,9,239,251,275,260
1,1001,147.78872113259,402.378415878839,196,388,64,212,260,600
1,1001,649.36904539859,528.903458052001,228,192,546,408,774,600
1,1001,36.3301630434783,577.860394021739,74,49,1,551,75,600
1,1001,736.0875,285.3435546875,65,83,704,245,769,328
1,1001,564.189019097222,310.058810763889,175,115,464,252,639,367
1,1001,110.283457656867,262.427965481936,78,115,74,209,152,324
1,1001,336.127239243261,491.51414699481,410,63,79,456,489,519
1,1001,646.413140694874,461.401874785002,283,193,511,367,794,560
1,1001,365.952717391304,392.883586956522,138,106,298,341,436,447
1,1001,537.034762080284,192.414503361241,414,345,341,24,755,369
1,1001,173.244204864305,227.340559546402,328,365,1,31,329,396
1,1001,333.52152824281,357.861745063616,193,427,224,124,417,551
1,1001,337.002043422733,203.736143039591,121,166,276,121,397,287
1,1001,132.430664041602,356.214930771042,266,469,1,96,267,565
1,1001,139.746329864222,188.761355021021,183,256,53,61,236,317
1,1001,552.882194578537,490.051197549202,329,212,405,388,734,600
1,1001,670.301670521717,139.684554099203,163,174,587,57,750,231
1,1001,618.530417221279,304.817221278744,368,532,430,57,798,589
1,1001,283.515589697244,289.864437415273,393,74,94,243,487,317
1,1001,449.000917711838,266.765371673295,62,71,418,234,480,305
1,1001,552.973872872454,353.742012461885,524,248,276,226,800,474
1,1001,754.218459419125,557.268281483182,106,106,694,494,800,600
1,1001,245.822013799051,525.038189952566,272,159,107,441,379,600
1,1001,46.7645487502385,477.409082236214,100,102,1,430,101,532
1,1001,119.226485984948,202.998739962657,317,399,1,1,318,400
1,1001,232.082618025751,228.229077253219,89,30,187,213,276,243
1,1001,253.448305821025,271.873153779322,47,40,228,251,275,291
1,1001,508.525956284153,208.155737704918,35,37,489,189,524,226
1,1001,438.801859024012,490.457319907049,88,91,396,445,484,536
1,1001,234.390847457627,91.2383050847458,75,103,198,42,273,145
1,1001,508.771307570143,70.188283042174,69,108,476,20,545,128
1,1001,219.590457370335,302.133573903829,339,558,41,42,380,600
1,1001,487.741333370928,250.507760844741,478,599,274,1,752,600
1,1001,270.77054605626,409.570325427468,253,160,141,335,394,495
1,1001,518.956778324054,374.580996819726,509,523,180,77,689,600
1,1001,329.374365512475,276.512570597908,373,565,146,35,519,600
1,1001,288.432400362951,132.853388706638,187,195,197,35,384,230
1,1001,566.040322767104,197.029294120367,240,233,446,77,686,310
1,1001,241.281047081097,342.439548747477,471,231,5,225,476,456
1,1001,659.478986901732,335.681730709541,262,221,534,224,796,445
1,1001,486.353682854888,202.308462465207,387,199,297,90,684,289
1,1001,198.813834329633,468.947053800171,39,87,172,427,211,514
1,1001,611.679393049437,314.600097895252,55,78,584,262,639,340
1,1001,205.626262626263,432.252525252525,9,11,201,427,210,438
1,1001,553.224163754368,141.244882675986,41,215,532,71,573,286
1,1001,158.889939810834,176.491831470335,34,48,142,154,176,202
1,1001,619.910344827586,196.520689655172,25,28,607,183,632,211
1,1001,617.011889704022,244.911206678472,60,136,593,183,653,319
1,1001,647.290353015174,284.778127211259,153,168,559,191,712,359
1,1001,761.118243243243,143.119369369369,29,132,746,94,775,226
1,1001,759.673216132368,111.828335056877,29,36,746,94,775,130
1,1001,67.0087190868738,184.965599239062,143,61,1,159,144,220
1,1001,167.69820971867,143.731457800512,17,23,159,133,176,156
1,1001,147.972040915733,256.339892839747,96,250,108,156,204,406
1,1001,164.781065747024,355.861274891534,108,174,109,269,217,443
1,1001,249.499023199023,42.7157509157509,100,89,201,1,301,90
1,1001,656.014675386824,111.688706332748,128,113,592,55,720,168
1,1001,511.539897381458,131.864472753008,117,108,453,78,570,186
1,1001,378.746587715777,149.271477318346,105,100,326,99,431,199
1,1001,256.845720720721,166.30045045045,99,99,207,116,306,215
1,1001,119.98157506372701,417.701578641385,253,168,1,344,254,512
1,1001,593.827421071302,376.692739742225,227,151,473,320,700,471
1,1001,259.219555140321,477.84602393187,410,104,62,431,472,535
1,1001,119.777256740914,487.196072684642,110,80,62,444,172,524
1,1001,624.9305508773,473.235202253728,323,134,449,401,772,535
1,1001,658.343256004927,467.727263395607,106,128,606,401,712,529
1,1001,370.983947681332,32.2690249702735,108,70,319,1,427,71
1,1001,499.537001078749,21.0548004314995,114,47,446,1,560,48
1,1001,638.787295081967,11.030737704918,122,27,586,1,708,28
1,1001,84.9153929288251,292.232103340024,177,143,1,224,178,367
1,1001,248.905185185185,235.41037037037,79,43,209,213,288,256
1,1001,284.534458115834,313.131680338056,333,297,128,165,461,462
1,1001,427.235742604453,246.035071668192,55,128,406,169,461,297
1,1001,660.618226349628,170.970303092152,75,262,622,90,697,352
1,1001,295.389928698752,291.835338680927,66,137,262,226,328,363
1,1001,270.144178325824,242.383210813374,97,214,229,150,326,364
1,1001,180.157243025511,298.22049828435,83,142,136,227,219,369
1,1001,298.172811059908,239.400921658986,20,25,288,226,308,251
1,1001,275.1101992966,169.290738569754,29,35,262,150,291,185
1,1001,178.848591549296,235.151408450704,20,16,169,227,189,243
1,1001,662.455042527339,121.671931956258,61,38,629,101,690,139
1,1001,589.742316050916,282.290903446135,73,112,553,242,626,354
1,1001,502.84347826087,344.179710144928,42,25,478,334,520,359
1,1001,422.323493234932,137.258302583026,29,37,407,121,436,158
1,1001,418.56121627064,239.511075312122,69,246,381,120,450,366
1,1001,58.971942386146,366.984181167263,123,127,1,301,124,428
1,1001,309.106598154088,382.224602343392,354,422,198,137,552,559
1,1001,296.576756496631,199.817252165544,88,137,253,137,341,274
1,1001,393.062412186645,208.301116616135,140,141,327,142,467,283
1,1001,485.188685771384,374.419120943877,456,419,327,142,783,561
1,1001,137.433823529412,386.011029411765,31,39,123,367,154,406
1,1001,176.406104844061,371.196084936961,35,125,159,294,194,419
1,1001,116.385452073419,539.80421481985,55,30,87,524,142,554
1,1001,245.305357142857,403.951785714286,18,35,237,387,255,422
1,1001,791.284488044145,543.689760882894,24,93,776,502,800,595
1,1001,763.377528089888,505.023595505618,40,37,743,487,783,524
1,1001,45.2672798948752,382.129566360053,94,44,1,360,95,404
1,1001,85.7735762575914,482.369695580765,291,188,1,388,292,576
1,1001,185.387168651556,519.358048405686,113,168,127,432,240,600
1,1001,576.76524822695,313.493617021277,99,128,523,258,622,386
1,1001,656.409710359488,513.427172303838,193,198,566,402,759,600
1,1001,494.590842525885,317.607054286955,494,592,205,8,699,600
1,1001,520.786047513098,124.294911361516,246,246,389,1,635,247
1,1001,170.220941821353,412.543914289274,295,103,20,362,315,465
1,1001,417.639667705088,337.322040498442,189,344,304,161,493,505
1,1001,207.975706035413,96.7469442152694,414,212,1,1,415,213
1,1001,685.522941316314,132.145163944919,239,250,561,8,800,258
1,1001,170.894729220967,327.921951925862,79,307,136,176,215,483
1,1001,168.513344690517,202.749574105622,40,57,148,174,188,231
1,1001,212.033793604651,360.150799418605,87,46,170,337,257,383
1,1001,354.844656936756,319.344069786949,102,272,312,197,414,469
1,1001,344.094752186589,219.721574344023,34,47,327,197,361,244
1,1001,547.114792899408,324.345562130178,55,147,526,261,581,408
1,1001,582.182252922423,379.925478214665,112,288,525,250,637,538
1,1001,607.0110056926,277.562428842505,60,56,577,250,637,306
1,1001,666.732170578029,144.000913158616,151,427,605,36,756,463
1,1001,680.84,68.9047933884298,128,46,616,49,744,95
1,1001,654.910417774626,350.735448797495,283,172,517,248,800,420
1,1001,301.112290502793,399.841340782123,46,57,278,365,324,422
1,1001,221.118452633065,227.336721728081,246,71,115,175,361,246
1,1001,300.426470588235,374.011029411765,17,18,292,365,309,383
1,1001,428.661066471877,319.992069289367,94,145,383,241,477,386
1,1001,161.353465916358,432.230911881315,279,159,40,343,319,502
1,1001,211.773217789405,520.631458469588,217,47,120,498,337,545
1,1001,656.086413766778,340.172858484045,310,599,457,1,767,600
1,1001,683.208977463215,64.469485316943,147,158,612,1,759,159
1,1001,268.443588910277,470.525086872828,254,256,140,344,394,600
1,1001,370.477642276423,385.989837398374,115,55,312,355,427,410
1,1001,500.782269951569,249.967993261739,64,116,475,181,539,297
1,1001,571.696679773447,276.794412820986,235,599,426,1,661,600
1,1001,557.765508997106,77.6153265383164,149,181,488,1,637,182
1,1001,508.895800933126,253.001555209953,21,41,498,232,519,273
1,1001,47.8412571046473,525.77766633233,109,169,1,431,110,600
1,1001,494.820253305808,334.392311554985,391,523,311,77,702,600
1,1001,494.546217058657,160.566222725985,171,171,412,77,583,248
1,1001,113.969108003476,342.882805298781,229,461,1,139,230,600
1,1001,200.377954826733,165.806017945545,287,458,17,10,304,468
1,1001,347.03150889583,274.116800217303,98,123,302,217,400,340
1,1001,651.600930665426,127.703303862262,131,112,587,75,718,187
1,1001,763.65603726263,139.713006091007,79,116,721,84,800,200
1,1001,762.60710723192,286.85,81,111,719,232,800,343
1,1001,667.652551907538,283.285159046742,125,114,606,234,731,348
1,1001,587.972556571979,165.309581126625,91,191,522,105,613,296
1,1001,733.816285817918,295.684802321364,72,149,695,222,767,371
1,1001,131.645753143444,293.419040287401,73,212,95,184,168,396
1,1001,187.851223816466,292.891275991713,231,219,57,214,288,433
1,1001,272.041055718475,265.244379276637,30,43,258,245,288,288
1,1001,129.188775510204,200.785714285714,20,34,119,184,139,218
1,1001,740.491228070175,233.570175438596,16,24,732,222,748,246
1,1001,531.994219653179,200.21387283237,14,14,525,193,539,207
1,1001,96.7963001169108,539.858675469363,137,126,28,474,165,600
1,1001,288.375781037761,534.671420809563,134,133,222,467,356,600
1,1001,727.637448411986,439.582002512112,116,118,669,381,785,499
1,1001,471.205709487825,420.371956339211,86,64,432,386,518,450
1,1001,492.5739024991,294.087856912787,215,414,387,72,602,486
1,1001,499.107496012759,122.239074960128,77,105,460,72,537,177
1,1001,616.533981187317,45.9284245935339,184,109,523,1,707,110
1,1001,240.897902097902,223.159440559441,65,20,205,215,270,235
1,1001,309.373187940988,536.443361128929,160,251,223,349,383,600
1,1001,448.202134146341,537.474390243902,410,154,326,446,736,600
1,1001,577.542986425339,435.308597285068,53,61,551,399,604,460
1,1001,152.532496024797,348.842716153748,594,599,1,1,595,600
1,1001,135.990731863215,64.9352600100443,190,157,38,1,228,158
1,1001,514.747062279671,492.160105757932,204,107,420,439,624,546
1,1001,627.746971473232,570.180734661977,288,64,512,536,800,600
1,1001,614.435413626543,286.700071266162,425,599,375,1,800,600
1,1001,651.970142487047,102.963514680484,266,253,522,1,788,254
1,1001,450.290705339486,398.70292243463,48,177,424,319,472,496
1,1001,500.337770382696,321.159733777038,23,32,489,306,512,338
1,1001,449.751633986928,328.56862745098,18,20,441,319,459,339
1,1001,496.260217983651,414.023160762943,74,239,460,303,534,542
1,1001,429.408762057878,127.991559485531,141,205,341,39,482,244
1,1001,510.527109853843,136.072371522867,65,259,464,27,529,286
1,1001,208.815972537965,386.961239428935,276,400,98,200,374,600
1,1001,192.863204747774,230.43353115727,70,67,157,200,227,267
1,1001,625.737889993633,419.23715531175,189,366,505,234,694,600
1,1001,657.277859023106,265.413863702837,68,64,624,234,692,298
1,1001,211.465701357466,276.64,319,417,1,43,320,460
1,1001,38.3162924403698,112.272706083443,103,211,1,3,104,214
1,1001,394.998576639089,445.035376449308,181,431,294,160,475,591
1,1001,523.303311033063,162.633728327597,562,519,238,1,800,520
1,1001,522.982585850131,98.719536862663,494,271,259,1,753,272
1,1001,116.795919917942,536.701021919994,244,129,1,471,245,600
1,1001,164.706202393906,403.199129488575,43,29,143,388,186,417
1,1001,252.615,407.6475,24,24,241,395,265,419
1,1001,290.005841852702,457.814834133111,179,72,197,426,376,498
1,1001,570.208112552531,427.276996162982,115,139,528,362,643,501
1,1001,571.367423014587,196.762074554295,77,271,542,27,619,298
1,1001,593.305174607083,332.25298535024,373,599,414,1,787,600
1,1001,602.767608695652,204.729130434783,180,199,506,108,686,307
1,1001,51.3986135181976,362.058925476603,52,177,26,288,78,465
1,1001,64.0221169036335,303.025276461295,25,33,53,288,78,321
1,1001,413.797752808989,226.52808988764,10,9,409,222,419,231
1,1001,757.372113676732,520.372113676732,38,35,738,502,776,537
1,1001,704.926298157454,521.678391959799,38,24,689,508,727,532
1,1001,652.088113879004,417.078576512456,63,210,626,322,689,532
1,1001,691.306010928962,392.251366120219,17,23,682,380,699,403
1,1001,647.539698492462,339.737688442211,35,35,630,323,665,358
1,1001,63.7267759562842,458.289617486339,21,12,54,451,75,463
1,1001,200.23641025641,338.056962524655,201,426,114,174,315,600
1,1001,526.193216597261,321.7633711304,340,358,377,136,717,494
1,1001,109.64357826811,487.857722731057,141,213,39,364,180,577
1,1001,37.0579121540313,392.62144003209,93,303,1,254,94,557
1,1001,145.682762873882,310.777860006167,80,421,102,122,182,543
1,1001,365.609219789758,462.820329829299,85,277,325,282,410,559
1,1001,454.803630667158,454.009859933653,129,257,408,302,537,559
1,1001,671.837682814114,342.665660849236,260,429,540,128,800,557
1,1001,118.166010726157,489.698077040723,265,300,1,300,266,600
1,1001,713.304623103572,424.462131167125,144,160,641,349,785,509
1,1001,96.4676837957918,369.80249811384,109,143,43,300,152,443
1,1001,67.3426911907067,523.941916747338,35,49,49,506,84,555
1,1001,136.483870967742,521.76267281106,36,17,118,511,154,528
1,1001,200.671769748928,550.250459277404,42,60,179,517,221,577
1,1001,663.94272517321,72.5274826789838,65,54,632,44,697,98
1,1001,520.662461953623,396.958109761838,306,509,375,91,681,600
1,1001,724.205715218811,480.317635532332,157,251,643,349,800,600
1,1001,515.501494713817,344.624207072548,130,137,450,273,580,410
1,1001,254.200293470286,352.636763823117,152,285,167,207,319,492
1,1001,275.297175866495,230.658536585366,50,57,249,207,299,264
1,1001,345.074313996652,385.517978018779,233,384,201,187,434,571
1,1001,410.52887259395,402.585701191567,40,79,390,365,430,444
1,1001,415.89453125,207.31484375,39,44,395,187,434,231
1,1001,695.598791983161,330.371190628718,257,80,543,285,800,365
1,1001,694.405063291139,144.661213891594,189,145,595,74,784,219
1,1001,111.50833787095,365.729546692077,159,357,32,207,191,564
1,1001,62.937106918239,274.314465408805,18,13,53,267,71,280
1,1001,135.545696068013,229.386291179596,48,50,112,204,160,254
1,1001,140.315004659832,280.35321528425,65,29,108,268,173,297
1,1001,131.036624203822,316.539808917197,22,39,120,297,142,336
1,1001,549.93063583815,469.658959537572,14,13,543,463,557,476
1,1001,230.035899564225,96.7666182472159,123,120,169,36,292,156
1,1001,224.213504979354,175.888268156425,109,38,170,157,279,195
1,1001,535.229257641921,445.300406565276,116,279,480,321,596,600
1,1001,529.915019762846,342.508893280632,26,45,517,321,543,366
1,1001,632.064655839134,491.958236658933,67,194,597,406,664,600
1,1001,629.180778032037,425.094965675057,39,35,610,409,649,444
1,1001,57.9206761243586,358.740175067914,128,207,1,248,129,455
1,1001,326.742552408974,65.433799190879,116,59,269,35,385,94
1,1001,365.553159478435,93.6589769307924,175,57,262,62,437,119
1,1001,726.925467354911,234.282540457589,225,243,575,123,800,366
1,1001,558.043853662879,387.90914755363,302,172,400,303,702,475
1,1001,571.150456657587,288.316135234738,174,101,483,240,657,341
1,1001,455.843791722296,277.277036048064,81,59,407,248,488,307
1,1001,82.7482506845148,308.938545786431,108,108,26,248,134,356
1,1001,740.753704688806,230.037692833802,122,133,678,163,800,296
1,1001,158.973836536235,262.776684417689,130,77,89,226,219,303
1,1001,198.240304034301,310.280841941142,141,83,125,256,266,339
1,1001,271.733246865543,264.297449200173,112,47,221,241,333,288
1,1001,369.148161850611,526.417380637121,621,202,163,398,784,600
1,1001,340.319920186232,325.862321250416,64,62,309,296,373,358
1,1001,45.0285326086956,536.850033967391,135,151,1,449,136,600
1,1001,265.675437922557,524.145666871543,245,156,156,444,401,600
1,1001,644.531593085728,541.489313244569,218,153,520,447,738,600
1,1001,403.981965209644,169.22435553322,721,470,34,27,755,497
1,1001,443.751586644592,449.193363686534,198,148,335,349,533,497
1,1001,556.425528991481,390.020222838442,226,479,440,121,666,600
1,1001,686.985507246377,171.734299516908,24,10,675,166,699,176
1,1001,385.566265060241,199.542168674699,9,14,381,191,390,205
1,1001,565.841748043493,195.499549830321,139,160,496,121,635,281
1,1001,276.658544218904,363.756058302781,166,282,202,196,368,478
1,1001,233.487798264642,255.854121475054,72,163,202,193,274,356
1,1001,171.561963190184,143.666257668712,47,22,148,131,195,153
1,1001,73.207100591716,134.020710059172,47,11,50,128,97,139
1,1001,224.414507772021,138.129533678756,35,13,208,131,243,144
1,1001,374.632478632479,142.363247863248,46,12,349,136,395,148
1,1001,116.384348438364,357.025574611477,253,218,1,247,254,465
1,1001,306.327750756723,278.642451541797,770,572,1,28,771,600
1,1001,517.095296402635,428.87396554636,279,260,374,301,653,561
1,1001,700.032726783492,352.906360364603,223,199,577,259,800,458
1,1001,702.33865939205,120.540789815536,201,184,599,33,800,217
1,1001,398.984580597706,149.274361838341,184,300,319,10,503,310
1,1001,517.257130765975,38.77156157427,228,85,369,1,597,86
1,1001,167.077111125161,375.239341636636,374,373,1,167,375,540
1,1001,671.340957330015,409.621916855742,413,439,387,161,800,600
1,1001,263.350677312281,296.907777877456,409,123,57,212,466,335
1,1001,694.141509433962,170.11030478955,86,139,650,86,736,225
1,1001,716.369791666667,94.6701388888889,59,19,693,85,752,104
1,1001,462.878612716763,238.410404624277,39,19,442,229,481,248
1,1001,257.253588516746,220.602870813397,17,17,248,212,265,229
1,1001,523.458902393184,273.322265380278,282,130,363,196,645,326
1,1001,345.104761904762,297.548717948718,40,41,325,277,365,318
1,1001,118.682991822108,344.331755949646,310,301,1,205,311,506
1,1001,273.133127994524,331.508726899384,102,270,226,207,328,477
1,1001,715.295492768248,366.06693575513,133,345,650,192,783,537
1,1001,51.4921121822962,234.148115687993,50,62,26,203,76,265
1,1001,267.651421508035,223.625463535229,27,37,254,207,281,244
1,1001,687.48696461825,220.138268156425,47,60,665,192,712,252
1,1001,734.079831932773,216.336134453782,38,12,719,208,757,220
1,1001,354.154445002511,441.403063787042,44,120,332,376,376,496
1,1001,145.147919423614,401.406043228937,268,206,1,273,269,479
1,1001,477.904072817032,404.93344646714,264,300,369,256,633,556
1,1001,106.983978638184,477.11214953271,36,27,89,464,125,491
1,1001,474.705263157895,502.150764006791,115,31,417,487,532,518
1,1001,454.63124507831,174.957899495436,618,157,154,92,772,249
1,1001,134.406548431105,315.18940427467,63,84,104,273,167,357
1,1001,472.406432748538,342.458333333333,56,84,445,302,501,386
1,1001,192.655891553702,143.386861313869,94,98,146,94,240,192
1,1001,436.488989037601,395.727105551131,587,503,114,97,701,600
1,1001,148.287649614328,469.295061618938,313,304,1,296,314,600
1,1001,71.540260509177,378.987625814091,145,151,1,305,146,456
1,1001,520.943089430894,239.911886628748,176,218,438,133,614,351
1,1001,251.094507026139,288.948627536639,431,506,31,46,462,552
1,1001,55.5691018640557,556.935417058934,133,118,1,482,134,600
1,1001,456.600838222967,452.264990220732,135,161,389,377,524,538
1,1001,439.060798209623,294.21745617307,114,62,372,266,486,328
1,1001,385.419057469197,163.980528824535,152,225,314,46,466,271
1,1001,105.756234600594,449.293573122712,226,350,25,250,251,600
1,1001,372.204635642136,458.740755772006,113,298,316,302,429,600
1,1001,666.147833365527,445.814274676454,253,328,489,272,742,600
1,1001,266.168285714286,499.393714285714,65,92,240,448,305,540
1,1001,537.975105854869,456.311286319171,79,300,499,300,578,600
1,1001,759.816704822391,428.920316077099,89,254,711,298,800,552
1,1001,601.377689387091,453.668685590309,72,301,567,299,639,600
1,1001,379.743400211193,334.450369588173,38,62,360,302,398,364
1,1001,709.184514831574,308.976370035194,80,80,663,272,743,352
1,1001,775.105681124007,325.572999389126,41,55,753,298,794,353
1,1001,535.777777777778,326.781893004115,36,57,518,300,554,357
1,1001,608.482292337411,323.203477141017,38,52,590,298,628,350
1,1001,116.739847715736,298.33692893401,85,100,75,250,160,350
1,1001,259.121451104101,463.577287066246,21,33,248,448,269,481
1,1001,650.450711434128,35.579281400348,211,105,572,1,783,106
1,1001,380.057894736842,430.33567251462,55,35,353,413,408,448
1,1001,572.047715053763,385.75,103,38,529,371,632,409
1,1001,675.525429240375,359.494667013528,142,274,608,201,750,475
1,1001,198.056691736651,259.132941310245,412,558,1,20,413,578
1,1001,267.944717866545,164.795402148498,324,277,88,20,412,297
1,1001,94.45277050328,272.007363808437,172,417,1,1,173,418
1,1001,295.478649158205,353.164389905071,113,275,239,215,352,490
1,1001,540.068718073461,445.934444174167,153,56,464,417,617,473
1,1001,518.010311791521,73.3669583871675,564,149,236,1,800,150
1,1001,578.439521488702,273.078140733878,360,105,404,232,764,337
1,1001,292.167785234899,240.221476510067,29,5,278,238,307,243
1,1001,445.287634522949,362.159726062359,187,186,335,274,522,460
1,1001,255.862490641378,239.788869478413,123,150,204,179,327,329
1,1001,221.102537545313,126.362765406525,66,71,188,90,254,161
1,1001,226.121501438661,172.802772691603,142,102,158,120,300,222
1,1001,638.385243225596,346.010610512569,164,93,561,302,725,395
1,1001,548.794543034605,145.640505767524,345,184,323,64,668,248
1,1001,576.607313195548,94.2829888712242,56,21,549,83,605,104
1,1001,186.005135730007,314.931474688188,157,75,108,279,265,354
1,1001,459.197965951802,229.880013265532,239,280,341,98,580,378
1,1001,279.47929781009,205.002482489582,111,130,224,140,335,270
1,1001,659.001251303441,378.659228362878,79,109,622,326,701,435
1,1001,699.848631864933,407.570929555599,72,109,664,354,736,463
1,1001,561.004268943437,333.772678762006,37,91,542,289,579,380
1,1001,651.061179577465,474.678697183099,70,53,616,448,686,501
1,1001,572.378932875909,55.1499571164176,447,153,317,1,764,154
1,1001,378.703460359177,432.508979413053,47,74,354,391,401,465
1,1001,452.398293029872,513.362019914651,46,40,430,493,476,533
1,1001,249.33674130607,530.071711426309,173,146,170,451,343,597
1,1001,269.731733252317,435.793711073978,145,92,200,390,345,482
1,1001,456.426683758998,532.714673109161,261,147,325,453,586,600
1,1001,298.989835809226,171.772087568413,81,80,259,132,340,212
1,1001,154.059000358938,244.48541816224,278,468,1,19,279,487
1,1001,565.869518647844,444.144705554722,461,307,281,283,742,590
1,1001,516.207750582751,326.325903263403,109,91,466,283,575,374
1,1001,136.468963165075,53.3229877216917,49,73,112,19,161,92
1,1001,373.446541693601,305.50232708468,142,298,310,166,452,464
1,1001,268.159022556391,59.9902255639098,216,40,182,32,398,72
1,1001,699.586870401811,79.6932654216186,129,40,637,52,766,92
1,1001,365.6,468.550588235294,155,17,289,464,444,481
1,1001,428.701860465116,193.513023255814,53,57,399,166,452,223
1,1001,234.771900826446,44.8429752066116,27,27,222,32,249,59
1,1001,682.705035971223,64.1079136690647,19,26,673,52,692,78
1,1001,451.140815733385,329.739924433249,250,211,312,237,562,448
1,1001,259.121319199058,309.546819787986,68,73,226,269,294,342
1,1001,749.11498536066,325.005944459232,135,251,665,232,800,483
1,1001,697.917037037037,258.813333333333,74,55,662,232,736,287
1,1001,347.112407211029,269.028632025451,58,63,312,237,370,300
1,1001,373.167076731293,157.645343306105,285,201,227,65,512,266
1,1001,154.643889086024,393.095807776144,330,345,14,172,344,517
1,1001,444.612783924554,282.004037353222,269,267,313,164,582,431
1,1001,470.666958591852,352.875467183086,787,569,1,31,788,600
1,1001,678.922052771726,162.751766026276,230,281,559,31,789,312
1,1001,545.775306122449,206.66693877551,83,85,498,164,581,249
1,1001,139.759190672154,387.853909465021,269,145,1,318,270,463
1,1001,66.5,423,39,14,47,416,86,430
1,1001,452.040939133866,330.918516326329,136,100,388,284,524,384
1,1001,617.421501706485,344.663253697383,55,42,589,325,644,367
1,1001,366.073560027759,342.581540596808,47,82,341,300,388,382
1,1001,222.501945525292,307.801556420233,13,20,216,298,229,318
1,1001,376.979591836735,305.65306122449,9,13,373,300,382,313
1,1001,109.170446874578,119.960206561361,162,196,30,22,192,218
1,1001,205.273777558813,427.277768198054,175,279,114,285,289,564
1,1001,291.046890192265,111.057397359094,161,208,212,6,373,214
1,1001,462.835895721925,111.394819518717,162,198,385,10,547,208
1,1001,635.182591278069,137.245458059528,156,204,560,33,716,237
1,1001,62.6714573153205,412.705662546709,46,109,40,358,86,467
1,1001,300.866542939092,463.238400539902,42,207,284,369,326,576
1,1001,390.463308657869,293.924525265529,105,58,338,265,443,323
1,1001,516.194900605013,284.369057908384,76,38,478,265,554,303
1,1001,551.071004942339,453.025370675453,119,242,494,328,613,570
1,1001,692.16166060838,446.361488425483,180,291,581,309,761,600
1,1001,105.008983258473,121.747652102899,49,95,80,72,129,167
1,1001,209.339960238569,315.224652087475,116,20,156,305,272,325
1,1001,468.689424364123,76.4872824631861,95,21,420,65,515,86
1,1001,646.808843187661,123.660154241645,96,134,598,59,694,193
1,1001,414.235550031075,511.318002900352,117,145,355,431,472,576
1,1001,284.795353982301,78.6587389380531,110,23,229,66,339,89
1,1001,359.243039259212,233.539259212279,225,240,247,107,472,347
1,1001,74.9291547427933,291.271934110421,147,168,11,208,158,376
1,1001,535.505772282103,270.303550910981,145,235,447,157,592,392
1,1001,710.222537443132,272.513648213464,196,388,604,86,800,474
1,1001,395.301903857459,393.68563740786,420,195,163,278,583,473
1,1001,61.5039287585123,265.093347302252,98,116,11,208,109,324
1,1001,355.089714347779,202.891604214185,93,128,311,138,404,266
1,1001,542.890215198386,202.368022864829,79,96,505,157,584,253
1,1001,697.485475565919,144.109783347906,105,123,647,86,752,209
1,1001,499.05365703985,321.406244007211,671,312,126,160,797,472
1,1001,370.867700167357,395.783317184885,105,270,315,262,420,532
1,1001,375.026785714286,282.52876984127,30,43,360,262,390,305
1,1001,386.929446935725,348.739910313901,68,79,356,309,424,388
1,1001,584.482198625859,387.272746200291,106,245,537,272,643,517
1,1001,684.443082311734,378.629240448855,157,288,601,237,758,525
1,1001,190.263232570055,226.23863949868,237,353,93,23,330,376
1,1001,584.153717627402,299.380534670008,69,57,543,272,612,329
1,1001,722.630526315789,267.920701754386,65,63,693,237,758,300
1,1001,167.92994100295,152.276548672566,49,237,146,60,195,297
1,1001,216.552486187845,355.629834254144,45,6,195,353,240,359
1,1001,243.969312727644,462.211662184702,331,314,83,286,414,600
1,1001,109.150411280846,130.776733254994,31,33,93,114,124,147
1,1001,624.65625,144.871527777778,16,21,617,135,633,156
1,1001,639.983580237904,536.388382106108,258,105,507,484,765,589
1,1001,669.707690206256,433.100942494195,65,189,635,325,700,514
1,1001,723.740913206571,439.974776872332,73,194,685,330,758,524
1,1001,448.446275071633,250.760386819484,50,94,426,199,476,293
1,1001,572.369057510831,139.170692622708,344,223,405,37,749,260
1,1001,538.522976680384,186.727023319616,171,20,453,177,624,197
1,1001,364.014271653543,202.146161417323,35,65,346,169,381,234
1,1001,299.596634263615,148.542176230793,70,173,264,61,334,234
1,1001,227.75351442765,87.1608709438749,121,232,157,3,278,235
1,1001,192.394258933802,213.906268306971,53,53,165,182,218,235
1,1001,79.2135476463835,252.615384615385,58,26,49,240,107,266
1,1001,158.617554858934,216.978056426332,29,15,144,209,173,224
1,1001,111.936456808199,209.635431918009,79,60,74,180,153,240
1,1001,35.1040527500804,200.003055644902,73,106,1,148,74,254
1,1001,339.10940545809,88.0321637426901,55,106,307,39,362,145
1,1001,285.349530646052,29.63942573164,33,57,270,1,303,58
1,1001,66.1068376068376,214.480769230769,23,23,55,203,78,226
1,1001,374.201506960589,284.367608750455,362,363,142,135,504,498
1,1001,358.872878642331,164.78674351585,80,63,314,135,394,198
1,1001,421.414814814815,219.488888888889,33,24,404,207,437,231
1,1001,662.180482465373,408.832147518208,403,178,397,301,800,479
1,1001,702.335089567966,420.604847207587,47,37,679,400,726,437
1,1001,733.173652694611,339.174096251941,77,78,693,301,770,379
1,1001,730.470588235294,319.641456582633,25,23,717,309,742,332
1,1001,137.216456112337,351.617080730757,447,299,1,231,448,530
1,1001,573.863527026563,126.807051304079,318,294,425,5,743,299
1,1001,598.729559748428,139.543739279588,140,49,529,114,669,163
1,1001,489.658901830283,465.089307675613,259,172,357,381,616,553
1,1001,417.532432432432,455.4,19,25,408,443,427,468
1,1001,601.07264957265,476.645299145299,16,19,593,467,609,486
1,1001,40.7968600421214,395.948114110664,120,172,1,276,121,448
1,1001,119.844925610071,392.240318233839,245,435,9,165,254,600
1,1001,91.0439466969096,217.944853983555,88,107,50,165,138,272
1,1001,278.437817084876,188.104278074866,145,124,205,128,350,252
1,1001,477.731784582893,128.24181626188,114,92,419,81,533,173
1,1001,629.868771278242,88.6739399566698,100,83,580,48,680,131
1,1001,288.466068335695,88.4660683356952,88,80,243,47,331,127
1,1001,132.670374490174,477.723396366333,49,91,106,438,155,529
1,1001,213.087881219904,480.741974317817,46,84,189,443,235,527
1,1001,534.164578766051,254.968117757595,221,269,433,81,654,350
1,1001,404.539598609448,439.401595045427,227,346,260,254,487,600
1,1001,266.105448843591,325.282634261074,66,48,233,301,299,349
1,1001,277.092685066469,386.152304473986,176,382,183,218,359,600
1,1001,732.842821576764,436.67867219917,107,138,684,362,791,500
1,1001,778.344537815126,414.66692131398,28,62,762,386,790,448
1,1001,731.498220640569,511.916963226572,54,16,705,504,759,520
1,1001,581.719267521986,527.110366619713,184,160,493,440,677,600
1,1001,737.449049848527,294.367942715505,171,300,629,221,800,521
1,1001,755.051282051282,442.941025641026,46,26,730,430,776,456
1,1001,713.679083094556,377.971346704871,25,35,701,362,726,397
1,1001,778.50936329588,398.827715355805,24,27,765,386,789,413
1,1001,377.846338948092,285.347198349948,68,67,342,254,410,321
1,1001,254.150205761317,520.574074074074,39,99,235,470,274,569
1,1001,263.752534562212,249.053917050691,50,65,240,218,290,283
1,1001,270.738934902372,147.101900086197,162,228,185,41,347,269
1,1001,309.360833181735,275.462797889758,538,484,1,41,539,525
1,1001,84.5355115703682,478.428976859264,129,126,16,419,145,545
1,1001,257.694554011654,427.018444643658,348,203,76,314,424,517
1,1001,323.432233258571,536.979493752003,140,30,254,520,394,550
1,1001,301.387079261672,536.356212191717,525,52,1,511,526,563
1,1001,473.250183329259,466.907235394769,93,99,425,418,518,517
1,1001,644.083182323026,275.426316712457,261,168,524,199,785,367
1,1001,256.392629459792,199.867296722962,190,338,181,34,371,372
1,1001,244.771762667822,67.7717626678216,53,64,219,34,272,98
1,1001,555.706827309237,220.787148594377,63,44,524,199,587,243
1,1001,171.719971910532,446.816521985985,349,238,1,329,350,567
1,1001,294.689236111111,257.602430555556,30,23,280,247,310,270
1,1001,252.735042735043,205.769230769231,24,14,241,198,265,212
1,1001,341.954198473282,235.18320610687,15,11,334,230,349,241
1,1001,323.227848101266,219.354430379747,11,7,318,216,329,223
1,1001,557.128987070164,387.377155435979,440,303,360,233,800,536
1,1001,308.058515623214,234.477725205148,254,206,183,127,437,333
1,1001,299.833361302232,150.110253398221,176,47,216,129,392,176
1,1001,558.419113054341,416.405371642723,90,23,512,404,602,427
1,1001,560.205382152861,152.141756702681,153,160,485,76,638,236
1,1001,575.047120418848,178.467931937173,100,39,522,157,622,196
1,1001,434.305781479667,80.853699167075,255,162,307,1,562,163
1,1001,210.690031251993,460.364245168697,223,97,101,415,324,512
1,1001,396.18616280023,420.947700631199,108,217,339,287,447,504
1,1001,629.772811708415,417.438390092879,234,225,495,277,729,502
1,1001,516.228831725616,464.171489817792,81,50,476,439,557,489
1,1001,184.0988464432,271.542715038034,347,195,17,162,364,357
1,1001,177.856704824203,204.587121831562,213,207,90,91,303,298
1,1001,510.376340933623,325.53366826135,539,260,174,201,713,461
1,1001,494.593921275536,398.901843547583,185,125,405,336,590,461
1,1001,569.59961112773,527.128028716721,94,174,523,426,617,600
1,1001,570.206081081081,440.423986486487,22,30,559,426,581,456
1,1001,225.570965019671,275.738093257105,383,448,39,81,422,529
1,1001,733.678393881453,518.84378585086,98,92,691,471,789,563
1,1001,448.027056787793,95.6276545540349,176,47,362,72,538,119
1,1001,330.080924855491,226.933938893476,41,37,310,209,351,246
1,1001,516.620498837116,137.669901355361,237,57,392,109,629,166
1,1001,235.901565995526,240.10216256525,88,70,196,203,284,273
1,1001,346.350714190362,255.098251234815,191,516,231,30,422,546
1,1001,723.248086416568,278.159622959561,363,599,437,1,800,600
1,1001,348.231268436578,68.3601769911504,55,76,321,30,376,106
1,1001,319.32469775475,177.6597582038,59,14,294,170,353,184
1,1001,506.893587410342,387.957954180495,239,210,395,280,634,490
1,1001,751.979514824798,408.405336927224,131,231,669,321,800,552
1,1001,176.432667598395,193.489405346919,294,231,25,89,319,320
1,1001,136.315557134159,49.6766287801908,244,131,10,1,254,132
1,1001,394.868098818475,197.831149301826,45,136,372,120,417,256
1,1001,568.63827097318,91.9770928027452,195,193,469,1,664,194
1,1001,738.389217079189,155.208479772676,141,115,659,102,800,217
1,1001,97.7990299205236,495.397791023843,144,156,23,419,167,575
1,1001,345.028286587797,245.186547919713,246,276,215,114,461,390
1,1001,553.954290795909,330.481488068771,221,248,445,211,666,459
1,1001,140.135484749455,544.524963689179,267,157,1,443,268,600
1,1001,252.023690114821,171.03322555101,260,274,101,37,361,311
1,1001,33.8079031521243,225.517473732298,80,137,1,164,81,301
1,1001,490.441128985758,505.827154087144,662,239,138,361,800,600
1,1001,707.11590296496,520.896563342318,77,79,668,485,745,564
1,1001,371.219055374593,374.768729641694,95,190,327,268,422,458
1,1001,552.515365901129,271.094200077851,461,367,287,96,748,463
1,1001,296.733,76.778875,152,84,209,37,361,121
1,1001,109.664244767364,335.042727636315,390,140,1,255,391,395
1,1001,629.825716914584,82.7875325870265,250,150,507,22,757,172
1,1001,57.9197271773347,576.678908709339,97,30,5,561,102,591
1,1001,250.731563421829,490.115044247788,47,27,228,477,275,504
1,1001,198.941729323308,430.562969924812,48,39,178,410,226,449
1,1001,205.327753055026,499.934590661863,183,189,90,393,273,582
1,1001,651.269230769231,165.25641025641,51,55,624,139,675,194
1,1001,604.202249896794,286.710609605064,156,335,530,128,686,463
1,1001,237.480946882217,416.928406466513,53,48,207,393,260,441
1,1001,604.324778761062,145.791150442478,40,37,584,128,624,165
1,1001,139,35.5,6,5,136,33,142,38
1,1001,315.65306122449,24.6530612244898,7,7,312,21,319,28
1,1001,469.259259259259,13.4074074074074,5,5,467,11,472,16
1,1001,602.125,4.875,2,2,601,4,603,6
1,1001,606.45601996257,193.565814098565,78,21,567,183,645,204
1,1001,490.129183609634,448.531279324367,126,80,426,412,552,492
1,1001,557.205126026621,212.687369017276,502,83,298,171,800,254
1,1001,542.712247714335,113.135449370364,515,124,285,49,800,173
1,1001,444.115558060879,19.1645997745209,87,24,401,7,488,31
1,1001,444.610268948655,28.80097799511,92,26,397,15,489,41
1,1001,434.865346163459,23.4565108722819,349,45,260,1,609,46
1,1001,162.837635705669,182.38973740373,321,332,1,1,322,333
1,1001,182.858,182.478,28,20,169,172,197,192
1,1001,135.50406504065,80.013623379477,118,120,83,26,201,146
1,1001,80.5485530976408,103.080498563122,178,233,1,1,179,234
1,1001,712.25,123.571732954545,82,19,671,114,753,133
1,1001,693.519865319865,135.846127946128,119,37,636,117,755,154
1,1001,529.096021146355,496.326683361158,284,204,391,396,675,600
1,1001,384.394137276336,277.400494793165,577,357,62,104,639,461
1,1001,711.596153846154,91.6854395604396,98,24,666,78,764,102
1,1001,141.858415841584,188.859405940594,133,38,42,172,175,210
1,1001,96.7744407366209,232.223458163391,105,96,46,184,151,280
1,1001,697.899018342524,93.9630802925417,185,204,609,1,794,205
1,1001,537.620816027364,110.113119960909,89,77,488,76,577,153
1,1001,718.911497272176,234.662692799892,180,104,620,183,800,287
1,1001,739.533450704225,56.2356220657277,81,48,699,32,780,80
1,1001,583.867085585019,322.288513258766,580,514,162,47,742,561
1,1001,620.160482744863,106.818172750848,125,126,559,47,684,173
1,1001,584.811045460027,225.229350054263,319,216,362,146,681,362
1,1001,91.4646532012195,457.424637957317,74,230,50,344,124,574
1,1001,172.216606498195,381.545126353791,22,75,159,345,181,420
1,1001,146.626076260763,383.557195571956,19,65,137,352,156,417
1,1001,750.413680781759,410.267100977199,30,94,736,359,766,453
1,1001,95.047197640118,354.486725663717,21,26,83,344,104,370
1,1001,146.848101265823,357.151898734177,9,9,142,353,151,362
1,1001,173.5,350,5,6,171,347,176,353
1,1001,748.738805970149,364.626865671642,12,12,743,359,755,371
1,1001,190.219695932064,182.9224763731,318,108,68,125,386,233
1,1001,711.712767549768,407.554707379135,70,174,673,320,743,494
1,1001,288.705062140042,334.330039405881,200,207,178,216,378,423
1,1001,715.358024691358,329.746913580247,18,19,706,320,724,339
1,1001,211.143458535987,241.752809907222,211,428,97,19,308,447
1,1001,193.52,148.557333333333,28,13,179,142,207,155
1,1001,471.776940853489,327.502302265777,587,374,146,159,733,533
1,1001,504.490324936108,92.7182426676403,228,202,389,1,617,203
1,1001,556.783562076037,376.586527843508,191,88,465,332,656,420
1,1001,102.541559278351,494.731636597938,164,39,24,474,188,513
1,1001,439.912271515613,483.864527798934,579,111,221,425,800,536
1,1001,564.390794929393,311.866960901705,314,497,415,50,729,547
1,1001,594.838961038961,127.776827094474,171,150,505,50,676,200
1,1001,556.783562076037,376.586527843508,191,88,465,332,656,420
1,1001,456.393482420228,83.8755734770712,319,218,284,1,603,219
1,1001,601.193557720127,159.330094512489,326,322,442,1,768,323
1,1001,670.112391871197,409.596436405778,307,276,493,282,800,558
1,1001,380.907931277948,466.146104965874,247,154,270,392,517,546
1,1001,463.163265306122,412.431972789116,27,28,450,398,477,426
1,1001,414.108261405672,479.661159062885,151,81,335,433,486,514
1,1001,148.568888888889,233.568888888889,17,19,140,223,157,242
1,1001,452.699530516432,225.527386541471,18,45,442,204,460,249
1,1001,105.776384215356,518.535331905782,82,68,63,485,145,553
1,1001,396.156012649674,322.412222612644,226,208,282,219,508,427
1,1001,474.158975698981,99.9991638359028,230,230,361,1,591,231
1,1001,604.86583867003,375.593909696617,238,488,479,112,717,600
1,1001,211.731468814916,407.82031210417,246,366,70,234,316,600
1,1001,395.639229422067,312.343257443082,27,26,382,300,409,326
1,1001,385.222496473907,272.566290550071,179,88,301,237,480,325
1,1001,417.661858974359,386.774038461538,136,59,347,351,483,410
1,1001,443.224097747016,160.737693339925,264,209,304,58,568,267
1,1001,515.61826625387,33.8551083591331,71,63,478,1,549,64
1,1001,405.12915301825,317.017313991577,61,71,376,285,437,356
1,1001,543.750810014728,579.725184094256,136,58,456,542,592,600
1,1001,232.150617283951,173.635555555556,50,94,208,124,258,218
1,1001,502.457323788546,399.170704845815,132,245,443,279,575,524
1,1001,696.052037252619,560.375378346915,218,95,582,505,800,600
1,1001,689.485527751261,127.511335742534,249,272,551,1,800,273
1,1001,708.079318013343,106.355077835434,66,21,675,96,741,117
1,1001,710.699604743083,127.369565217391,37,16,691,119,728,135
1,1001,251.133191012049,488.275608785324,254,188,129,405,383,593
1,1001,758.124213836478,433.673742138365,77,64,718,402,795,466
1,1001,485.366884809174,381.246829211791,223,123,371,320,594,443
1,1001,149.905995777414,257.520455921218,328,404,1,38,329,442
1,1001,253.319718716887,100.094210577016,135,123,192,38,327,161
1,1001,561.033271719039,353.522489217498,64,76,526,318,590,394
1,1001,693.061302681992,511.378352490421,35,35,676,494,711,529
1,1001,145.341461412151,407.137684729064,100,276,98,276,198,552
1,1001,162.929273084479,295.82416502947,31,42,148,276,179,318
1,1001,152.035714285714,55.4285714285714,6,11,149,50,155,61
1,1001,292.131069473497,145.02100672037,171,166,208,62,379,228
1,1001,203.010469643622,404.468190540062,250,275,77,262,327,537
1,1001,547.508873196193,292.865574147989,421,400,345,89,766,489
1,1001,313.188060579327,542.040435230113,178,58,219,512,397,570
1,1001,407.29345603272,448.518404907975,49,27,386,436,435,463
1,1001,587.132561505065,446.969753979739,240,94,467,402,707,496
1,1001,289.691221608349,375.246470227133,159,55,210,347,369,402
1,1001,444.082533755915,93.3841010723744,150,165,367,6,517,171
1,1001,423.488528062125,400.008824567596,67,77,390,367,457,444
1,1001,729.212705984389,281.166088464874,145,156,653,197,798,353
1,1001,401.678685785883,303.97643742169,312,599,222,1,534,600
1,1001,398.900371747212,485.576208178439,44,38,376,466,420,504
1,1001,159.204471799697,398.090350739637,294,450,6,150,300,600
1,1001,241.380416432189,504.459763646595,66,82,203,449,269,531
1,1001,763.2203125,183.85,26,29,750,169,776,198
1,1001,713.121457489879,183.417004048583,30,28,698,169,728,197
1,1001,680.78978388998,233.080550098232,20,27,670,220,690,247
1,1001,214.321140689562,218.489941068888,128,157,151,147,279,304
1,1001,752.544030482642,163.272226926334,74,200,715,63,789,263
1,1001,170.067451335446,443.656943186962,342,137,1,366,343,503
1,1001,134.852703412073,330.005144356955,126,116,69,263,195,379
1,1001,141.947368421053,296.107433532284,67,64,109,263,176,327
1,1001,193.582846846847,61.5445765765766,118,119,135,3,253,122
1,1001,419.150036954915,91.2187730968219,29,58,404,61,433,119
1,1001,450.967088607595,573.500632911392,64,56,419,544,483,600
1,1001,289.329932950192,461.358524904215,557,281,1,319,558,600
1,1001,621.606088975232,294.372270594665,528,599,272,1,800,600
1,1001,685.09094404533,112.680542345442,232,261,568,1,800,262
1,1001,105.253278221209,426.086231470924,167,68,13,395,180,463
1,1001,359.977657657658,112.392432432432,67,65,327,83,394,148
1,1001,365.633472304943,296.245106214016,189,151,273,219,462,370
1,1001,645.329021827001,340.482619240097,48,112,625,273,673,385
1,1001,603.86359530262,130.387533875339,58,27,575,117,633,144
1,1001,349.333813541881,292.892488166289,313,469,138,83,451,552
1,1001,583.138973556306,335.398687426202,163,480,498,91,661,571
1,1001,542.99675420478,127.259368545294,73,70,504,94,577,164
1,1001,22.3529616724739,258.22787456446,56,81,1,225,57,306
1,1001,200.209627329193,204.265527950311,41,23,180,193,221,216
1,1001,622.028339699156,82.0633753006083,229,135,509,13,738,148
1,1001,377.542963244828,317.759393145048,370,515,195,35,565,550
1,1001,117.682191037896,495.86956816487,180,212,31,379,211,591
1,1001,80.4044916090819,360.658736426456,201,296,1,207,202,503
1,1001,671.591313018228,291.035248224469,228,296,558,140,786,436
1,1001,667.173148148148,462.065079365079,152,74,590,420,742,494
1,1001,719.770894677237,408.371347678369,136,206,638,318,774,524
1,1001,558.748781973203,390.575822168088,84,114,523,341,607,455
1,1001,464.978017585931,375.755395683453,36,180,445,275,481,455
1,1001,427.898994851679,379.966658494729,67,159,384,305,451,464
1,1001,308.966457023061,415.179245283019,63,32,273,395,336,427
1,1001,209.705265557328,393.190563027126,64,145,174,322,238,467
1,1001,160.508969398523,417.113964122406,71,95,120,368,191,463
1,1001,111.134069400631,368.794558359621,57,115,90,312,147,427
1,1001,81.1033707865168,314.658426966292,24,23,69,304,93,327
1,1001,76.1672367920943,352.233751425314,88,97,15,304,103,401
1,1001,215.658015267176,337.24427480916,27,32,202,322,229,354
1,1001,180.057768924303,380.655378486056,21,28,170,368,191,396
1,1001,314.738144329897,409.674226804124,24,24,303,398,327,422
1,1001,427.858237547893,321.567049808429,22,27,417,309,439,336
1,1001,464.015945330296,287.76993166287,18,26,455,275,473,301
1,1001,563.463968410661,359.802566633761,45,46,536,341,581,387
1,1001,688.616979269497,337.577492596249,36,40,672,318,708,358
1,1001,64.445424876103,331.897739634957,129,66,1,300,130,366
1,1001,213.59893134715,319.954987046632,139,50,146,296,285,346
1,1001,226.204370700121,116.462565762849,52,158,196,59,248,217
1,1001,658.431476102456,340.581462899393,30,161,643,259,673,420
1,1001,679.141054871561,240.069539443684,91,265,631,117,722,382
1,1001,675.33106134372,137.759493670886,28,43,661,117,689,160
1,1001,318.210767567568,274.12523243243197,265,278,192,146,457,424
1,1001,254.698839662447,169.209388185654,53,48,230,146,283,194
1,1001,198.492342072273,182.781408404644,235,215,95,65,330,280
1,1001,464.425140238603,554.881014458402,298,102,320,498,618,600
1,1001,691.14026318762,207.222297526262,248,215,552,92,800,307
1,1001,449.333790580704,212.832190214906,123,217,386,94,509,311
1,1001,467.976580796253,553.200578592093,240,76,345,514,585,590
1,1001,135.479079123827,450.880688421994,280,246,1,336,281,582
1,1001,461.520209580838,128.626122754491,52,69,435,94,487,163
1,1001,253.677419354839,122.528462998102,33,33,238,105,271,138
1,1001,267.699523246811,496.902611955503,186,211,172,380,358,591
1,1001,401.863124604681,349.46578115117,146,118,309,277,455,395
1,1001,744.529477196885,277.569892473118,71,44,709,255,780,299
1,1001,517.349551190321,278.408481852478,198,395,436,98,634,493
1,1001,681.745949160101,257.535677122046,112,286,622,114,734,400
1,1001,772.401467505241,240.035639412998,61,23,739,226,800,249
1,1001,678.172523961661,158.70447284345,24,31,667,144,691,175
1,1001,305.751282051282,190.751282051282,19,24,296,179,315,203
1,1001,67.3548387096774,187.051612903226,19,20,57,177,76,197
1,1001,520.575315840622,211.369290573372,41,56,499,184,540,240
1,1001,741.612996688742,208.889486754967,56,50,712,183,768,233
1,1001,404.765853658537,222.679674796748,64,20,374,212,438,232
1,1001,349.334205362982,188.246239372139,84,41,305,169,389,210
1,1001,167.284320809249,198.937861271676,49,62,143,167,192,229
1,1001,298.710455764075,225.364611260054,15,30,291,211,306,241
1,1001,56.3316326530612,221.413265306122,13,15,50,214,63,229
1,1001,443.346666666667,351.196666666667,18,29,433,338,451,367
1,1001,58.4483730102831,263.423721650937,61,185,30,175,91,360
1,1001,258.84406779661,234.520338983051,26,28,246,220,272,248
1,1001,316.565052700922,261.220685111989,105,189,255,176,360,365
1,1001,277.981506849315,512.17602739726,54,35,252,495,306,530
1,1001,208.568788501027,346.394250513347,29,40,194,326,223,366
1,1001,22.9737991266376,192.03056768559,43,23,1,181,44,204
1,1001,183.038719669592,269.793850025813,186,436,121,68,307,504
1,1001,456.06496349102,182.325016437692,407,358,249,25,656,383
1,1001,193.771452490582,366.116366680619,181,157,107,287,288,444
1,1001,388.20872540633,362.720701454234,83,114,351,316,434,430
1,1001,603.659587757651,361.454091193004,41,48,584,338,625,386
1,1001,406.382407407407,333.502777777778,55,36,379,319,434,355
1,1001,343.243068742879,344.962400303836,56,69,317,311,373,380
1,1001,143.265842349304,311.950540958269,66,49,110,287,176,336
1,1001,598.699563794984,413.779171210469,117,130,532,338,649,468
1,1001,424.625,163.33622994652401,91,109,378,112,469,221
1,1001,447.034694566318,402.392102598718,127,140,384,334,511,474
1,1001,158.61315549585,432.159238113515,189,229,80,324,269,553
1,1001,323.753379805661,393.564321926489,120,147,262,311,382,458
1,1001,356.811565661087,400.503804493779,379,160,179,311,558,471
1,1001,94.4745355417173,415.190356838325,192,224,1,309,193,533
1,1001,604.344558894167,223.879222927897,162,417,525,77,687,494
1,1001,734.764291228895,336.192642073109,130,244,670,217,800,461
1,1001,67.2565761103924,61.0790570648268,125,89,1,13,126,102
1,1001,710.476524290838,508.547549179437,215,117,585,457,800,574
1,1001,585.478005309063,389.26886613576,107,78,535,355,642,433
1,1001,361.309587471352,483.902501909855,69,166,327,401,396,567
1,1001,175.598313160633,358.216101648502,343,448,1,119,344,567
1,1001,236.639439537359,234.258307679029,212,272,126,120,338,392
1,1001,571.065569638485,350.881904436123,407,475,393,80,800,555
1,1001,550.76491580625,187.874852747557,173,225,468,80,641,305
1,1001,693.063119662315,489.741631491116,74,157,655,409,729,566
1,1001,527.303863298663,479.902674591382,138,45,437,465,575,510
1,1001,536.218714768884,541.84704998121,114,30,484,526,598,556
1,1001,249.84819792303,534.439930767664,201,82,128,485,329,567
1,1001,162.912137681159,480.718297101449,87,33,106,462,193,495
1,1001,773.442023493748,499.592838196286,75,114,725,446,800,560
1,1001,454.187261632342,440.885687539006,291,217,329,341,620,558
1,1001,683.046459468119,512.311598846524,116,84,624,476,740,560
1,1001,231.454898015183,288.808542943382,461,356,19,192,480,548
1,1001,656.645871063095,184.814234267991,250,246,531,63,781,309
1,1001,504.738667788866,111.320608392449,196,89,406,66,602,155
1,1001,396.889724230597,371.005662550387,166,436,323,157,489,593
1,1001,249.429023746702,544.888654353562,148,97,173,501,321,598
1,1001,400.659060846561,187.98544973545,60,60,371,157,431,217
1,1001,301.536256323777,534.197301854975,32,30,289,522,321,552
1,1001,180.600273883007,362.891530065814,330,493,7,89,337,582
1,1001,248.591539422755,261.68577611167,179,366,154,82,333,448
1,1001,489.886223289164,475.958415591389,381,251,293,340,674,591
1,1001,588.71744743637,221.052176318702,360,471,407,1,767,472
1,1001,436.848452996981,315.301369124623,204,205,334,217,538,422
1,1001,772.237351835791,147.714079213646,66,75,734,102,800,177
1,1001,65.133344056619,146.22293710793,91,101,17,101,108,202
1,1001,652.371003230186,312.06439305276,242,212,537,210,779,422
1,1001,252.033851033578,224.467297385978,245,254,122,98,367,352
1,1001,236.316799329703,351.335651445329,201,103,142,296,343,399
1,1001,153.254669823731,28.8981846882399,71,57,118,1,189,58
1,1001,224.294986072423,27.1571030640669,70,53,189,1,259,54
1,1001,90.3423525491503,340.198778185049,177,499,1,101,178,600
1,1001,80.029552715655,456.587326943557,90,157,35,358,125,515
1,1001,93.4761361041334,446.712833980361,114,84,38,404,152,488
1,1001,695.977728285078,364.532293986637,25,25,685,353,710,378
1,1001,669.189083820663,355.368421052632,24,28,659,342,683,370
1,1001,100.599567099567,446.975108225108,81,28,59,433,140,461
1,1001,658.467867173302,445.874607632579,106,194,607,342,713,536
1,1001,688.395195788088,424.041790062521,43,169,669,353,712,522
1,1001,701.659340659341,460.961538461538,31,31,687,445,718,476
1,1001,391.043564356436,139.843430105722,287,334,229,47,516,381
1,1001,247.901155327343,526.638254172015,54,99,220,476,274,575
1,1001,270.471932114883,414.333550913838,79,64,232,379,311,443
1,1001,196.891036123086,312.583581091125,359,152,28,243,387,395
1,1001,714.132514544279,220.561947856066,148,79,639,183,787,262
1,1001,236.488712947765,442.513353287632,273,327,104,230,377,557
1,1001,198.58875128999,260.200722394221,74,52,161,230,235,282
1,1001,133.635658914729,131.156761412575,33,35,117,114,150,149
1,1001,411.37234253017,80.350732754029,424,172,197,1,621,173
1,1001,646.68377409233506,147.002241147468,78,64,605,114,683,178
1,1001,784.467671366067,267.059309674283,36,69,764,237,800,306
1,1001,744.1066238913,154.060294395169,121,221,679,1,800,222
1,1001,98.6934846140622,90.2387828777721,79,185,59,1,138,186
1,1001,118.59765625,9.384765625,46,21,92,1,138,22
1,1001,167.666049030787,242.656356898518,68,174,137,152,205,326
1,1001,219.550680786687,287.779878971256,51,37,192,267,243,304
1,1001,402.69373594295803,440.276460735991,456,307,176,278,632,585
1,1001,178.133765019564,216.694553135496,137,284,106,79,243,363
1,1001,470.561615243134,228.12318915456,495,109,230,174,725,283
1,1001,210.198529411765,242.992647058824,10,16,205,235,215,251
1,1001,362.736164208993,286.5546149645,266,140,222,221,488,361
1,1001,579.664675130695,352.735872541698,263,120,449,293,712,413
1,1001,547.485645933014,129.623205741627,26,86,534,107,560,193
1,1001,641.469553450609,197.094722598106,19,54,632,169,651,223
1,1001,759.019462921902,226.958856861296,92,105,708,176,800,281
1,1001,209.184293193717,280.7,32,99,194,235,226,334
1,1001,676.658839106349,141.942974980215,272,291,528,1,800,292
1,1001,389.91589299764,214.313926042486,154,106,309,156,463,262
1,1001,336.644212777332,303.3739641807,47,106,314,244,361,350
1,1001,144.023804126049,220.02053956019,142,200,65,126,207,326
1,1001,156.504060248854,467.135341628465,237,260,41,338,278,598
1,1001,542.659550561798,535.272191011236,205,98,444,482,649,580
1,1001,539.377266696152,411.482087571871,134,85,473,369,607,454
1,1001,380.333572969087,420.80134196022,130,104,320,367,450,471
1,1001,259.625581179096,291.444175810551,318,276,95,166,413,442
1,1001,511.36091039361,378.147245342846,424,413,265,187,689,600
1,1001,338.483878370625,243.838095238095,122,105,274,195,396,300
1,1001,370.18332565638,65.3689543988945,52,50,344,40,396,90
1,1001,373.399824253076,225.213532513181,40,30,354,210,394,240
1,1001,126.548700009924,419.179220005954,200,395,7,205,207,600
1,1001,372.744009082262,319.074069528397,203,487,303,83,506,570
1,1001,48.5823754789272,422.362616310892,81,250,12,325,93,575
1,1001,57.8125763125763,350.071428571429,41,53,38,325,79,378
1,1001,168.810623556582,332.218244803695,23,49,157,307,180,356
1,1001,136.043245311902,234.599311136625,52,60,109,205,161,265
1,1001,362.002356637863,178.498036135114,31,50,346,155,377,205
1,1001,548.808391370817,443.288771870223,145,244,477,356,622,600
1,1001,548.368945678352,263.515386673803,230,198,440,173,670,371
1,1001,229,300.5,316,599,71,1,387,600
1,1001,50.8124885886434,286.965218185138,94,229,5,194,99,423
1,1001,610.415612734409,446.540558220672,138,40,545,425,683,465
1,1001,601.348837209302,422.843853820598,50,34,573,402,623,436
1,1001,339.746475568151,245.233018646546,259,285,210,133,469,418
1,1001,600.644899781873,247.76303179156,262,298,468,131,730,429
1,1001,596.609295030543,220.791480931154,120,126,537,158,657,284
1,1001,341.667243767313,219.381838642659,117,122,284,158,401,280
1,1001,233.195652173913,396.811141304348,41,20,214,388,255,408
1,1001,443.014473684211,395.093421052632,55,19,413,385,468,404
1,1001,115.226333333333,362.778,41,100,95,308,136,408
1,1001,423.347422494593,33.5503785147801,169,65,338,1,507,66
1,1001,179.256974334449,351.202773792444,50,130,155,286,205,416
1,1001,754.543427084624,363.295130714905,62,141,723,293,785,434
1,1001,460.640650912106,487.910655058043,203,188,362,386,565,574
1,1001,217.692675159236,184.320063694268,32,33,201,171,233,204
1,1001,195.661523779227,301.493982291501,166,154,102,223,268,377
1,1001,326.954958227388,265.130288489112,230,519,194,29,424,548
1,1001,324.360772200772,82.445250965251,91,111,283,29,374,140
1,1001,390.501888574127,412.773371104816,58,60,362,386,420,446
1,1001,381.691621535521,238.432621854094,56,107,355,189,411,296
1,1001,279.301507537688,260.402010050251,33,25,262,248,295,273
1,1001,469.60396039604,128.193069306931,29,25,455,117,484,142
1,1001,471.361742100769,481.65584970111,167,57,400,450,567,507
1,1001,289.538172245205,501.959759308011,231,89,169,455,400,544
1,1001,194.739932714854,326.995534713019,283,400,103,122,386,522
1,1001,202.33158771721,191.900023803856,126,142,131,124,257,266
1,1001,609.679189823391,295.472607138446,349,426,424,71,773,497
1,1001,561.041977077364,145.172063037249,134,148,500,72,634,220
1,1001,597.955676755262,403.00361038562,340,330,417,231,757,561
1,1001,215.567199476084,287.059449888425,466,389,33,53,499,442
1,1001,285.180619707467,226.311585835258,157,101,199,180,356,281
1,1001,138.71462627266,133.866699776509,159,171,59,52,218,223
1,1001,216.46784996651,68.9779805760214,125,146,149,1,274,147
1,1001,68.8717255717256,44.3727650727651,69,90,34,1,103,91
1,1001,292.089722675367,363.974605764002,158,158,212,291,370,449
1,1001,774.47883149873,69.6392887383573,51,149,749,1,800,150
1,1001,319.000107503763,207.485486992045,109,209,275,86,384,295
1,1001,516.48944069431,320.251591128255,222,182,399,242,621,424
1,1001,631.702067669173,287.435620300752,52,58,608,258,660,316
1,1001,133.441795043537,330.774735432016,266,324,1,159,267,483
1,1001,21.33527696793,120.375121477162,43,147,1,38,44,185
1,1001,245.011345920665,132.916204746232,140,245,168,27,308,272
1,1001,314.649653021442,411.265762183236,291,318,179,249,470,567
1,1001,543.218865454853,318.552621023075,279,220,408,212,687,432
1,1001,292.93967480536,332.808378793496,202,127,195,266,397,393
1,1001,669.323379412159,305.441363575359,291,365,509,92,800,457
1,1001,180.161410230097,310.825055300905,475,520,1,80,476,600
1,1001,284.0430317961,404.729065457141,382,411,91,189,473,600
1,1001,74.665320929144,131.884295828214,170,275,1,1,171,276
1,1001,537.385027381597,529.535235000301,209,116,431,477,640,593
1,1001,671.395548070587,192.643296477997,169,210,590,92,759,302
1,1001,64.6489398280802,44.3408595988539,114,110,14,1,128,111
1,1001,388.389969987414,151.821570335947,181,161,295,80,476,241
1,1001,303.016335794094,307.831429569034,274,239,162,189,436,428
1,1001,295.528220594571,516.597874479391,129,66,232,483,361,549
1,1001,140.328077338214,291.420432681027,192,363,57,174,249,537
1,1001,331.283678382282,363.719499277805,122,107,272,307,394,414
1,1001,482.314491004519,276.314603272615,208,181,379,187,587,368
1,1001,422.23602484472,280.950310559006,9,18,418,272,427,290
1,1001,439.654411764706,290.860294117647,9,19,435,282,444,301
1,1001,261.533606224007,346.240576743942,331,250,92,224,423,474
1,1001,483.099948017579,391.086196304522,125,398,420,202,545,600
1,1001,490.182895414735,245.952344152499,53,94,464,202,517,296
1,1001,548.374948325754,206.646961554361,52,71,521,171,573,242
1,1001,611.769193759021,343.84524709602,171,437,521,163,692,600
1,1001,501.644319076358,360.508396746261,105,75,450,324,555,399
1,1001,750.168379685611,254.871825876663,132,62,668,222,800,284
1,1001,105.313500912224,259.407213807883,310,383,1,35,311,418
1,1001,332.092356687898,389.992356687898,72,29,297,376,369,405
1,1001,506.593339176161,481.405784399649,81,45,466,459,547,504
1,1001,399.674008810573,492.000293685756,106,47,346,470,452,517
1,1001,479.148364485981,401.335280373832,49,24,455,390,504,414
1,1001,414.375049662296,422.737584425904,64,97,380,371,444,468
1,1001,523.592105263158,376.115384615385,28,47,509,352,537,399
1,1001,68.5939096077865,123.130866339019,139,177,1,35,140,212
1,1001,703.275749461172,143.875122460976,121,152,642,68,763,220
1,1001,699.438478419898,306.168850169582,256,514,544,68,800,582
1,1001,407.501923076923,317.224450549451,176,72,319,283,495,355
1,1001,531.056709713644,325.685008422235,40,53,514,301,554,354
1,1001,291.554156171285,321.32241813602,45,49,261,303,306,352
1,1001,303.756736225926,68.2312435765673,505,175,32,1,537,176
1,1001,592.06649097912,380.657612000811,89,152,550,303,639,455
1,1001,105.975425150841,385.458139451856,237,495,1,105,238,600
1,1001,179.12298136646,215.709316770186,24,46,167,195,191,241
1,1001,64.5203716940672,170.812812723374,119,123,4,113,123,236
1,1001,682.625992683144,153.118809672526,162,191,604,61,766,252
1,1001,667.51896352422,376.833492241619,296,539,504,61,800,600
1,1001,31.9499224991058,417.603553117921,64,134,1,352,65,486
1,1001,251.504813112479,381.897190182985,128,197,188,285,316,482
1,1001,527.488049677602,217.982286718389,503,456,297,1,800,457
1,1001,503.193873041382,118.337022900763,242,273,384,1,626,274
1,1001,561.266416686196,446.789617998594,570,336,230,264,800,600
1,1001,612.100331092606,419.149894652353,191,255,521,288,712,543
1,1001,290.545350827153,395.727895037079,42,47,269,372,311,419
1,1001,53.1841584158416,417.053465346535,17,41,44,399,61,440
1,1001,9.03703703703704,423.475308641975,21,41,1,405,22,446
1,1001,177.661771336554,164.710724637681,188,343,75,1,263,344
1,1001,368.712479942365,168.144545960638,142,261,298,45,440,306
1,1001,541.324248323599,442.415149317352,522,345,278,255,800,600
1,1001,348.995868644068,170.34470338983,145,199,299,87,444,286
1,1001,236.445174212782,358.542947643004,131,298,169,218,300,516
1,1001,232.990679094541,252.734021304927,50,77,209,218,259,295
1,1001,588.483341742201,275.954487725952,166,558,508,12,674,570
1,1001,588.267923700943,55.8791931593949,67,92,555,12,622,104
1,1001,372.750736725049,471.575034751182,173,179,288,388,461,567
1,1001,501.789473684211,393.529863985807,72,162,456,315,528,477
1,1001,160.97995991984,395.250501002004,41,46,139,372,180,418
1,1001,325.859754570498,504.815677435512,72,83,286,469,358,552
1,1001,454.126745810056,330.073454958101,241,352,326,175,567,527
1,1001,248.569355980184,283.408351026185,122,47,209,259,331,306
1,1001,141.88406052076,116.983696927047,91,284,97,1,188,285
1,1001,513.439553626782,88.5598264104154,95,27,464,74,559,101
1,1001,306.386909693455,94.7779618889809,64,23,274,85,338,108
1,1001,448.399191737764,206.820835204311,49,70,424,175,473,245
1,1001,596.21269296741,66.7272727272727,15,71,588,41,603,112
1,1001,723.128401360544,81.7678571428571,62,24,692,72,754,96
1,1001,69.6507317073171,99.2341463414634,60,26,41,86,101,112
1,1001,321.255976990832,420.969620708251,357,121,147,361,504,482
1,1001,523.190489589195,57.6361845807541,59,97,498,16,557,113
1,1001,699.091657072253,388.954452275982,202,482,591,118,793,600
1,1001,716.563040509786,156.230541647701,70,75,682,118,752,193
1,1001,294.534055651317,283.792760403841,196,183,194,211,390,394
1,1001,343.307055577454,37.9448167126527,49,51,319,12,368,63
1,1001,343.5,91.5,37,49,325,67,362,116
1,1001,374.252407152682,297.230398899587,25,73,360,258,385,331
1,1001,532.222143162089,247.551017503913,199,478,422,13,621,491
1,1001,485.286274509804,128.980392156863,11,73,480,91,491,164
1,1001,510.339325842697,452.491573033708,78,37,469,433,547,470
1,1001,581.438471689242,369.821899315931,351,404,434,141,785,545
1,1001,560.869821283509,201.76512997563,106,129,508,141,614,270
1,1001,304.320626748187,270.944850120052,328,370,98,90,426,460
1,1001,276.750860015877,146.01548028579,87,113,232,90,319,203
1,1001,543.006786050895,560.259189443921,147,59,470,533,617,592
1,1001,202.291429284967,447.329920239749,462,285,1,293,463,578
1,1001,247.802990842645,350.376123666303,125,134,182,293,307,427
1,1001,199.080843585237,395.152460456942,42,102,179,336,221,438
1,1001,480.940561959654,158.064121037464,105,63,434,124,539,187
1,1001,680.808045657016,210.116369710468,115,82,621,166,736,248
1,1001,406.258627041631,299.724720618936,245,436,250,109,495,545
1,1001,411.677532597793,136.357071213641,43,60,389,108,432,168
1,1001,180.259169857389,204.009627656623,273,438,42,66,315,504
1,1001,170.467563837129,105.811594202899,132,62,115,76,247,138
1,1001,245.200350723367,388.711530030688,56,101,216,354,272,455
1,1001,19.1295636687444,257.761130899377,61,151,1,189,62,340
1,1001,19.8339800443459,434.1897172949,56,227,1,339,57,566
1,1001,49.6588910133843,455.804971319312,60,65,25,429,85,494
1,1001,81.9311308513824,434.511627906977,103,182,26,349,129,531
1,1001,607.205526770294,383.73920552677,25,25,595,371,620,396
1,1001,734.07549950868,378.965771372421,136,49,664,356,800,405
1,1001,656.609239922829,200.47793110558,301,281,487,68,788,349
1,1001,771.536726431463,18.8224407171776,49,39,746,1,795,40
1,1001,699.186243386243,35.1252204585538,110,42,642,14,752,56
1,1001,551.583824928639,55.0194100856327,173,51,468,30,641,81
1,1001,373.537203559614,424.098961002656,194,306,266,294,460,600
1,1001,407.220100913678,347.670666848493,96,101,359,294,455,395
1,1001,453.038343777093,403.843211922347,397,458,220,142,617,600
1,1001,412.985694822888,217.942029972752,131,156,348,142,479,298
1,1001,48.4166998011928,456.657256461233,60,65,25,429,85,494
1,1001,208.171910233008,139.101148931601,104,124,155,79,259,203
1,1001,241.697274715415,371.759799248584,356,355,61,201,417,556
1,1001,618.991593695271,453.839229422067,229,130,526,397,755,527
1,1001,344.859552556818,410.687855113636,109,85,296,370,405,455
1,1001,283.575704225352,233.387323943662,27,28,270,220,297,248
1,1001,419.765809011777,149.853238607271,158,147,340,77,498,224
1,1001,495.437931034483,238.064655172414,77,71,457,203,534,274
1,1001,612.013235902385,182.403212463808,121,149,556,104,677,253
1,1001,614.163134232498,175.256262042389,26,74,600,138,626,212
1,1001,674.789012365002,322.510721552669,146,95,607,270,753,365
1,1001,531.731196434072,422.68836181123,272,274,399,286,671,560
1,1001,245.535904255319,544.709441489362,42,43,224,523,266,566
1,1001,418.648922949461,455.23777961889,188,158,337,371,525,529
1,1001,527.629985902645,273.06640268679,367,538,377,31,744,569
1,1001,465.825644393367,109.932933836808,110,154,410,38,520,192
1,1001,67.4366222542312,432.841555635578,125,73,7,397,132,470
1,1001,585.382337115563,325.00757547152,487,522,313,64,800,586
1,1001,712.895659798334,87.6396317404647,95,25,665,75,760,100
1,1001,121.254568456565,298.324711835817,109,167,60,220,169,387
1,1001,151.659478168264,378.137380191693,125,60,79,343,204,403
1,1001,285.169953893443,303.818519467213,221,124,166,235,387,359
1,1001,249.18112027296,275.519476826841,98,56,199,246,297,302
1,1001,277.730086388681,162.882184885382,111,231,222,48,333,279
1,1001,276.605366492147,68.8573298429319,50,41,255,48,305,89
1,1001,236.019641541861,463.735084704149,184,51,148,437,332,488
1,1001,91.363341896571,438.702557801854,129,93,23,393,152,486
1,1001,545.993386573496,320.585101073122,246,127,477,256,723,383
1,1001,564.515224472454,210.573714771279,88,98,520,157,608,255
1,1001,368.320898935128,285.874371202718,115,202,301,201,416,403
1,1001,451.6357079252,264.263045414069,143,152,377,190,520,342
1,1001,307.577279752705,213.668469860896,35,82,294,184,329,266
1,1001,46.4316460141474,294.724125821502,119,235,1,165,120,400
1,1001,217.39889744268,336.573622151379,292,397,85,117,377,514
1,1001,149.008135975512,184.277589817947,124,130,85,117,209,247
1,1001,619.228580748887,332.911526900762,208,331,520,157,728,488
1,1001,769.470107163001,391.157642413988,73,62,727,363,800,425
1,1001,761.517134697763,338.182532127558,81,65,719,304,800,369
1,1001,388.373552044253,68.3812744749021,272,146,248,1,520,147
1,1001,199.455238608922,357.601627909828,283,392,69,142,352,534
1,1001,182.922468508935,218.354359925788,186,153,93,141,279,294
1,1001,592.067568097967,374.15192519036,463,373,337,147,800,520
1,1001,643.847488021519,279.654991734148,205,269,544,147,749,416
1,1001,381.919900651971,79.5777708786091,198,47,290,54,488,101
1,1001,147.27318475916601,573.464701653487,160,149,70,451,230,600
1,1001,382.862300228311,530.23473173516,146,85,305,479,451,564
1,1001,555.250216543958,565.198787353833,165,78,462,522,627,600
1,1001,724.361700285689,563.072894121721,175,83,625,517,800,600
1,1001,34.7359616132797,436.306185968098,84,242,1,298,85,540
1,1001,239.095115681234,237.023136246787,58,85,207,198,265,283
1,1001,296.653103448276,462.288045977012,75,145,261,385,336,530
1,1001,364.74439227960403,473.427230046948,86,139,323,394,409,533
1,1001,495.725991478204,462.084780946138,114,145,429,389,543,534
1,1001,448.09414508408,326.607953848042,242,315,356,184,598,499
1,1001,293.898734177215,370.430379746835,18,16,285,362,303,378
1,1001,383.925895848137,55.4242005887727,639,78,65,17,704,95
1,1001,305.388940376892,54.9201421068891,423,19,98,46,521,65
1,1001,604.188340807175,68.8593049327354,141,14,536,61,677,75
1,1001,435.331255901794,235.481208687441,75,102,396,184,471,286
1,1001,224.058206888757,370.928230341047,170,344,145,198,315,542
1,1001,431.046039428639,472.338330775587,96,120,382,408,478,528
1,1001,83.0805708645225,337.907830879329,164,216,1,231,165,447
1,1001,140.697674418605,293.626682986536,84,213,97,199,181,412
1,1001,362.740369051473,150.781968274523,86,97,321,105,407,202
1,1001,531.839508031373,270.577927649901,478,337,315,105,793,442
1,1001,189.98031520206,453.967682590299,182,171,77,358,259,529
1,1001,214.455082742317,388.704097714736,50,63,189,358,239,421
1,1001,499.907622851189,180.163743705504,79,100,461,133,540,233
1,1001,408.052950119876,448.709519911116,455,131,157,372,612,503
1,1001,424.178252700799,457.023250352278,146,62,349,426,495,488
1,1001,182.61683833408,233.171607702642,447,139,1,155,448,294
1,1001,267.79989591465,71.8995576372626,74,67,230,36,304,103
1,1001,546.214453383167,270.454750564051,304,272,395,133,699,405
1,1001,202.070804525456,140.474072910119,358,194,33,36,391,230
1,1001,100.888265306122,258.544897959184,162,36,1,240,163,276
1,1001,402.205150214592,176.929613733906,66,30,367,164,433,194
1,1001,575.894994407159,156.888737416107,183,220,486,52,669,272
1,1001,320.352760736196,385.257668711656,43,25,297,373,340,398
1,1001,282.593282876064,458.242573320719,157,92,207,416,364,508
1,1001,353.210247349823,499.789752650177,43,51,333,472,376,523
1,1001,444.569347779293,385.273731793069,147,160,370,290,517,450
1,1001,755.91182941276,281.309020138771,103,77,697,243,800,320
1,1001,780.235081062435,460.785615729562,44,151,756,388,800,539
1,1001,418.815203145478,101.287024901704,11,141,412,29,423,170
1,1001,586.280416724035,351.067300013768,317,548,412,52,729,600
1,1001,122.519818698898,446.316032705297,159,151,42,373,201,524
1,1001,754.138351555929,385.271131202691,98,174,702,309,800,483
1,1001,237.642925234918,403.48971809887,148,99,173,372,321,471
1,1001,200.929724256433,307.68333469705,376,389,34,115,410,504
1,1001,36.0012166588676,427.188956481048,117,233,1,291,118,524
1,1001,552.545585412668,449.660556621881,252,226,433,311,685,537
1,1001,155.918635170604,195.561679790026,213,64,58,165,271,229
1,1001,197.780940594059,289.890676567657,266,87,67,248,333,335
1,1001,526.117979175832,41.6960331426895,409,127,369,1,778,128
1,1001,214.00518134715,300.270293609672,258,83,76,262,334,345
1,1001,628.098154018675,224.213128895215,303,422,497,34,800,456
1,1001,451.592201306185,41.9975989243181,142,95,386,1,528,96
1,1001,167.599508599509,352.448929448929,145,59,94,327,239,386
1,1001,574.597024621581,160.380335217307,150,250,500,37,650,287
1,1001,664.203605150215,425.107982832618,296,74,481,384,777,458
1,1001,596.905683010946,184.581346528715,72,166,560,102,632,268
1,1001,268.339024390244,278.924390243902,94,39,223,256,317,295
1,1001,17.8257471264368,297.978390804598,44,79,1,269,45,348
1,1001,438.325117986366,509.334032511799,114,199,379,401,493,600
1,1001,611.168603182622,539.491159383683,249,129,496,471,745,600
1,1001,640.199723087574,444.867428175839,321,86,479,402,800,488
1,1001,113.618992597942,448.572630438707,214,216,5,341,219,557
1,1001,298.681030203141,248.741734347386,276,276,180,119,456,395
1,1001,448.617614645885,131.576276904392,180,278,364,1,544,279
1,1001,582.120338983051,145.369209039548,72,63,547,114,619,177
1,1001,505.485933503836,199.167519181586,37,38,484,181,521,219
1,1001,546.321883688601,403.737720111214,296,163,393,315,689,478
1,1001,609.356198867212,197.532410320957,39,61,591,165,630,226
1,1001,646.542290175667,452.569616135329,80,57,609,421,689,478
1,1001,141.146487294469,479.875653961136,265,104,5,423,270,527
1,1001,167.69599053667,292.963874361848,323,235,1,170,324,405
1,1001,418.991744066047,216.970072239422,42,27,398,203,440,230
1,1001,592.175329551143,138.11772067412,118,274,533,1,651,275
1,1001,684.195643616323,212.959366662293,135,224,614,99,749,323
1,1001,473.861589915102,101.413943915616,129,43,407,80,536,123
1,1001,149.915397631134,444.562605752961,97,21,103,435,200,456
1,1001,597.816845878136,99.7706093189964,87,46,554,77,641,123
1,1001,681.167582417582,199.694368131868,94,37,636,176,730,213
1,1001,451.867215461704,240.131710808876,126,38,393,218,519,256
1,1001,573.762661737523,234.875415896488,82,46,536,210,618,256
1,1001,675.973195876289,219.329896907216,57,23,647,205,704,228
1,1001,150.881218274112,475.16116751269,180,47,54,447,234,494
1,1001,447.223907493618,179.42363718276,92,109,395,124,487,233
1,1001,126.719167904903,502.769687964339,41,22,108,491,149,513
1,1001,263.775559798646,249.032806804374,117,84,208,206,325,290
1,1001,499.717521652232,293.392849211637,82,96,462,254,544,350
1,1001,472.891666666667,526.729761904762,62,40,447,504,509,544
1,1001,115.759132878362,433.822159775191,84,46,76,406,160,452
1,1001,265.081341672251,338.049996277269,183,245,160,203,343,448
1,1001,441.321967265725,350.961509146341,319,338,333,150,652,488
1,1001,319.505387592844,489.113087143007,208,73,219,449,427,522
1,1001,618.355229591837,468.68112244898,44,46,596,447,640,493
1,1001,419.88252214935,202.608790703026,141,108,353,150,494,258
1,1001,393.495327102804,148.220934579439,78,109,338,90,416,199
1,1001,274.121411764706,483.729882352941,92,49,229,459,321,508
1,1001,727.533427336542,490.416853140422,156,228,644,372,800,600
1,1001,323.249905553457,541.023800528901,104,89,269,495,373,584
1,1001,359.691016460523,393.121965962987,216,192,274,287,490,479
1,1001,573.471766848816,381.005464480874,38,18,553,372,591,390
1,1001,560.345525568182,394.012073863636,129,42,497,372,626,414
1,1001,101.77367463981,539.948524269129,210,134,1,466,211,600
1,1001,418.727753464624,513.846280087527,63,107,389,464,452,571
1,1001,518.512565134226,298.863597388035,133,137,453,235,586,372
1,1001,501.434577303884,461.911805026657,97,111,452,406,549,517
1,1001,643.499259624877,350.985686080948,174,34,558,334,732,368
1,1001,397.953207150368,409.330178759201,71,41,362,387,433,428
1,1001,366.691493863733,271.337706305544,79,83,328,230,407,313
1,1001,528.319330199765,263.200940070505,87,101,484,215,571,316
1,1001,352.817223198594,409.910369068541,18,44,343,391,361,435
1,1001,494.958130197878,501.483510180671,84,57,453,470,537,527
1,1001,307.19239104262,523.255718757525,91,65,262,487,353,552
1,1001,236.084304172845,553.14191908494,136,63,167,518,303,581
1,1001,681.46112047967,522.529323590032,114,177,621,405,735,582
1,1001,152.205153909659,428.099048629949,266,369,28,231,294,600
1,1001,358.927220694686,329.394422310757,176,169,265,230,441,399
1,1001,551.491496598639,375.939567206193,217,339,437,215,654,554
1,1001,430.92125748503,526.490119760479,62,72,401,487,463,559
1,1001,290.730224812656,482.607826810991,61,37,262,467,323,504
1,1001,499.857927786499,433.912087912088,71,23,467,421,538,444
1,1001,43.4569006876699,452.674396289781,103,228,1,351,104,579
1,1001,178.538044164038,284.637476340694,99,111,129,231,228,342
1,1001,217.871448467967,265.968059424327,205,169,110,190,315,359
1,1001,131.999693533558,309.23720502605,48,94,110,265,158,359
1,1001,645.703958981256,288.271833235269,244,85,525,239,769,324
1,1001,626.296536796537,522.772907647908,152,64,556,489,708,553
1,1001,739.480151228733,254.398865784499,21,79,727,205,748,284
1,1001,525.939068100358,238.501792114695,18,53,517,218,535,271
1,1001,756.904311774461,529.576285240464,87,87,713,487,800,574
1,1001,299.073701217997,68.9780014914243,95,115,255,14,350,129
1,1001,461.276774969916,80.2527075812274,69,103,428,30,497,133
1,1001,213.813974869752,252.290064357953,428,541,1,14,429,555
1,1001,421.511098713959,288.6767279347,368,546,239,30,607,576
1,1001,483.099025974026,192.814935064935,41,32,463,177,504,209
1,1001,260.093979441997,215.230543318649,40,40,239,195,279,235
1,1001,265.136491557223,178.886491557223,91,44,222,155,313,199
1,1001,96.5337906962749,540.024854065114,185,139,1,461,186,600
1,1001,585.060560058214,267.456540285549,391,578,409,14,800,592
1,1001,282.962203023758,290.979481641469,50,53,257,263,307,316
1,1001,790.490509490509,520.918081918082,22,151,778,449,800,600
1,1001,328.203545110536,512.201155148377,49,113,301,454,350,567
1,1001,257.46311120727,430.632085677196,179,322,152,263,331,585
1,1001,218.22305764411,156.701754385965,20,20,208,146,228,166
1,1001,219.185333333333,80.9,6,143,216,3,222,146
1,1001,186.01893737589,445.758948031191,188,220,81,364,269,584
1,1001,285.991044776119,428.202985074627,20,19,276,418,296,437
1,1001,650.405567372295,242.769961848813,238,261,530,112,768,373
1,1001,392.104273144001,439.19310817219,153,217,314,363,467,580
1,1001,88.7315072302558,273.546649054505,129,134,22,211,151,345
1,1001,258.021029330382,254.948810182623,161,118,177,202,338,320
1,1001,622.839762919829,219.539322727115,147,234,553,112,700,346
1,1001,246.033182464761,380.381042286305,379,215,111,281,490,496
1,1001,406.193963903243,383.578896128211,147,116,333,325,480,441
1,1001,448.468161434978,475.130493273543,358,93,291,424,649,517
1,1001,379.388893109474,448.678492744815,232,105,273,390,505,495
1,1001,478.520824295011,248.591106290672,92,135,435,185,527,320
1,1001,247.616722672465,185.775845028662,263,123,113,130,376,253
1,1001,599.45580715851,348.155149744339,251,74,498,307,749,381
1,1001,709.817659727207,353.607322325915,76,58,668,327,744,385
1,1001,465.158469945355,16.3887067395264,86,33,421,1,507,34
1,1001,327.999139414802,128.65834767642,44,38,305,112,349,150
1,1001,152.545885394227,8.24515295131409,150,16,76,1,226,17
1,1001,676.635312664214,8.99316868102995,114,19,615,1,729,20
1,1001,731.441398865785,347.71928166351603,138,79,662,308,800,387
1,1001,195.458904967178,461.044466703633,330,287,40,313,370,600
1,1001,301.967567567568,309.535135135135,19,10,292,305,311,315
1,1001,450.130324839525,252.361019256954,166,141,364,169,530,310
1,1001,471.276752767528,315.239852398524,47,9,448,311,495,320
1,1001,411.577059240028,367.638974116907,412,102,194,316,606,418
1,1001,601.284265519361,308.60663798402,184,133,486,234,670,367
1,1001,402.592832957111,324.125564334086,165,42,322,302,487,344
1,1001,476.685393258427,339.078651685393,27,19,462,329,489,348
1,1001,268.87790452049,281.116180819603,118,33,209,265,327,298
1,1001,335.49358974359,304.288461538462,16,11,328,299,344,310
1,1001,211.928406466513,302.092378752887,42,12,191,296,233,308
1,1001,382.568345041403,393.560034927986,379,338,193,225,572,563
1,1001,312.640650080257,148.335741037988,774,137,9,81,783,218
1,1001,345.276246105919,153.015264797508,97,151,296,78,393,229
1,1001,176.411949685535,14.9716981132075,19,21,167,4,186,25
1,1001,335.407427560876,383.040175939781,186,242,241,265,427,507
1,1001,651.306467181467,168.325772200772,71,39,617,147,688,186
1,1001,509.198148148148,63.8703703703704,28,23,495,54,523,77
1,1001,750.106368089573,180.08677396781,71,24,715,168,786,192
1,1001,66.8672177563706,115.139486445146,139,239,1,1,140,240
1,1001,517.694902276849,198.459439854926,172,454,430,1,602,455
1,1001,243.062472308374,149.075321222862,43,59,222,119,265,178
1,1001,767.524806866953,45.1381974248927,69,88,731,1,800,89
1,1001,167.642887353729,112.29028619766,74,180,136,21,210,201
1,1001,195.769669327252,97.2531356898518,67,189,160,3,227,192
1,1001,289.526224534027,40.6928189567981,89,78,244,1,333,79
1,1001,425.359925788497,156.506957328386,63,46,389,130,452,176
1,1001,386.912785774767,303.761642675699,80,85,347,265,427,350
1,1001,497.648716343143,213.401377582968,107,116,427,162,534,278
1,1001,162.698145025295,34.6087689713322,23,28,151,21,174,49
1,1001,197.512826875497,309.053329148938,418,454,1,56,419,510
1,1001,606.113256688448,353.074667118728,319,248,444,242,763,490
1,1001,721.401674808095,488.550872295883,188,65,612,456,800,521
1,1001,342.705177111717,205.398910081744,50,60,317,175,367,235
1,1001,319.348404555192,262.807080843387,164,82,244,222,408,304
1,1001,698.779948920586,258.737567463377,215,272,585,119,800,391
1,1001,66.1785464438399,287.692499028372,139,121,1,228,140,349
1,1001,119.097648447431,186.40779916469899,181,194,19,90,200,284
1,1001,20.2258435582822,156.08282208589,55,156,1,91,56,247
1,1001,188.153548387097,327.76376344086,411,304,1,149,412,453
1,1001,481.284452803723,279.556345436577,300,253,353,130,653,383
1,1001,660.904616989827,175.951743326667,145,121,585,119,730,240
1,1001,607.625354919054,176.341867995019,266,226,510,70,776,296
1,1001,254.223468741518,172.971772369492,146,193,190,80,336,273
1,1001,471.766595289079,166.794545249634,117,161,409,87,526,248
1,1001,365.304049018796,364.26455245508,199,235,267,224,466,459
1,1001,314.185162967407,192.145770845831,88,84,263,147,351,231
1,1001,394.870548056595,174.521060335014,89,91,352,130,441,221
1,1001,175.378824881483,299.588564861371,202,87,66,260,268,347
1,1001,475.307917772409,348.466550481245,545,398,211,143,756,541
1,1001,374.414255060024,122.710665197471,172,234,283,13,455,247
1,1001,427.553560742071,31.3476959904249,50,45,404,10,454,55
1,1001,134.446835150179,344.772860273003,318,447,1,153,319,600
1,1001,705.648512909048,256.86157105862,225,140,556,177,781,317
1,1001,472.461798385583,337.073900256555,377,133,253,268,630,401
1,1001,510.594167679222,288.946537059538,49,22,486,276,535,298
1,1001,545.085511068489,186.650523455606,177,180,455,104,632,284
1,1001,352.282514450867,246.635838150289,137,12,283,241,420,253
1,1001,273.006688963211,255.076923076923,41,8,252,251,293,259
1,1001,434.414173228346,277.985826771654,145,29,351,265,496,294
1,1001,132.900207771266,376.12463174869,188,353,40,233,228,586
1,1001,270.96265560166,474.904564315353,38,14,251,468,289,482
1,1001,479.080281690141,471.295774647887,40,18,459,462,499,480
1,1001,644.81994047619,397.931547619048,41,16,624,390,665,406
1,1001,369.988876631734,254.657216400074,234,236,253,137,487,373
1,1001,647.821884628054,256.479372953282,225,231,535,141,760,372
1,1001,73.1428571428571,574.04329004329,26,10,60,569,86,579
1,1001,483.01293568092,553.254401724757,142,29,420,542,562,571
1,1001,380.296189822363,580.184330215395,631,48,38,552,669,600
1,1001,90.873071837814,50.9294843543411,64,43,59,29,123,72
1,1001,375.356895239706,435.106874101632,173,76,290,397,463,473
1,1001,121.511500139678,227.05689542788,104,130,67,163,171,293
1,1001,206.655244755245,250.293356643357,51,66,182,216,233,282
1,1001,170.849514563107,359.902912621359,109,9,114,355,223,364
1,1001,664.016806722689,210.864979699745,101,133,616,144,717,277
1,1001,587.566088631985,239.86936416185,49,63,563,209,612,272
1,1001,397.74973963549,145.214560384538,429,298,184,17,613,315
1,1001,512.070609318996,428.349283154122,88,72,468,392,556,464
1,1001,69.4100679864027,151.660717856429,148,246,1,6,149,252
1,1001,242.103701887718,288.840647217455,49,149,220,223,269,372
1,1001,246.368386003148,416.64039229931,233,92,123,371,356,463
1,1001,254.782057982599,475.07344667507,511,143,51,397,562,540
1,1001,620.374236318731,140.700983578145,348,276,429,1,777,277
1,1001,496.933700833268,287.279482279731,592,524,208,1,800,525
1,1001,412.060590094837,144.805057955743,78,53,374,123,452,176
1,1001,681.359668684294,166.855367951577,177,55,595,148,772,203
1,1001,605.713806595864,109.213527110117,77,98,569,67,646,165
1,1001,559.987893667457,322.989417541483,216,61,455,295,671,356
1,1001,233.147432762836,344.296006519967,117,136,172,278,289,414
1,1001,298.660704225352,251.447605633803,91,93,252,203,343,296
1,1001,300.266255943213,304.015067300609,169,230,185,202,354,432
1,1001,241.203428892636,362.320011242271,246,148,138,278,384,426
1,1001,218.352590651678,60.8724959851238,271,185,83,1,354,186
1,1001,653.158636981888,55.5677213830625,378,186,422,1,800,187
1,1001,512.632048789111,121.228477991868,119,128,452,55,571,183
1,1001,726.921380090498,48.5721153846154,165,35,635,33,800,68
1,1001,412.882098514146,512.7516792184,247,165,290,430,537,595
1,1001,123.557526148249,531.475822343489,135,126,60,468,195,594
1,1001,259.964741478174,315.51106556377,398,387,50,100,448,487
1,1001,549.380033756164,312.381325984335,426,538,374,14,800,552
1,1001,681.387111748242,218.490340637586,245,380,555,37,800,417
1,1001,402.8,60.1135223048327,353,152,240,1,593,153
1,1001,680.318265259293,19.0082606700321,125,42,618,1,743,43
1,1001,308.52851582332,108.420714164833,206,189,222,31,428,220
1,1001,475,499.742574257426,21,12,465,494,486,506
1,1001,365.414634146341,90.3414634146341,9,14,361,83,370,97
1,1001,398.425,99.19375,11,17,393,91,404,108
1,1001,389.514285714286,12.6571428571429,14,14,383,6,397,20
1,1001,310.85119047619,11.1190476190476,12,17,304,3,316,20
1,1001,292.558451869004,175.640621898776,133,144,228,103,361,247
1,1001,27.0357415902141,553.808103975535,65,128,1,472,66,600
1,1001,181.78701594533,307.26423690205,34,32,164,291,198,323
1,1001,402.960526315789,549.929884643115,110,71,347,515,457,586
1,1001,412.773768613975,468.007159221077,113,50,358,442,471,492
1,1001,610.325393929342,467.930602089899,355,176,440,381,795,557
1,1001,547.000729903843,142.23542572435,293,257,402,33,695,290
1,1001,303.388893886915,259.850906391975,333,222,169,149,502,371
1,1001,767.549567531603,272.080505655356,73,24,727,261,800,285
1,1001,63.7352328738238,219.53831150004,147,305,1,62,148,367
1,1001,557.070422535211,227.859154929577,20,10,547,223,567,233
1,1001,551.39489194499,86.434184675835,46,12,530,81,576,93
1,1001,558.024474187381,208.199617590822,91,81,518,164,609,245
1,1001,152.109409190372,155.974835886214,29,36,137,139,166,175
1,1001,668.344140035132,178.876791272458,142,449,589,1,731,450
1,1001,151.613811044105,239.144968665011,83,229,103,139,186,368
1,1001,145.428571428571,140.111111111111,54,17,118,134,172,151
1,1001,301.190625,273.324553571429,62,67,269,241,331,308
1,1001,284.642478813559,226.828389830508,59,51,252,204,311,255
1,1001,178.519220302082,211.462273778745,284,311,27,78,311,389
1,1001,646.123544203282,285.379334303864,179,201,559,187,738,388
1,1001,611.423521965306,426.913632137983,562,413,238,187,800,600
1,1001,371.066199221479,161.754416608444,214,262,264,38,478,300
1,1001,547.909847434119,483.396671289875,39,23,528,472,567,495
1,1001,426.371782915823,328.934999088872,541,562,250,38,791,600
1,1001,553.609558843418,266.884504070758,228,245,446,150,674,395
1,1001,524.334269662921,451.597471910112,130,76,465,420,595,496
1,1001,324.005513146735,115.494486853265,80,51,285,91,365,142
1,1001,460.115129231102,491.733989401968,315,195,310,389,625,584
1,1001,280.064309993202,186.427192386132,203,207,177,86,380,293
1,1001,445.867362785823,432.672441004533,369,295,264,292,633,587
1,1001,697.492061671555,216.609195025642,247,341,553,51,800,392
1,1001,730.580364212193,181.869952494062,79,92,689,139,768,231
1,1001,453.21002979146,73.0049652432969,44,59,433,47,477,106
1,1001,469.844247787611,111.738643067847,38,52,451,86,489,138
1,1001,476.627307893714,126.914474906671,271,291,345,1,616,292
1,1001,318.995764771228,318.436853433312,151,129,245,252,396,381
1,1001,331.075821862348,391.031578947368,322,151,169,305,491,456
1,1001,613.700827765873,229.026492709778,270,258,482,103,752,361
1,1001,641.183411117245,369.472014519663,318,510,482,90,800,600
1,1001,378.04898562143,463.085325979909,338,348,241,252,579,600
1,1001,491.768296432964,211.568675686757,165,289,423,49,588,338
1,1001,68.3406618705036,352.712402877698,153,152,1,288,154,440
1,1001,259.778509674763,411.426101276245,63,45,227,389,290,434
1,1001,701.012295081967,399.115499254844,79,50,661,375,740,425
1,1001,737.750719868367,310.39757301522,85,78,695,272,780,350
1,1001,315.065324975256,494.513032002639,66,125,281,431,347,556
1,1001,764.91758747698,584.473756906077,72,38,728,562,800,600
1,1001,398.218285714286,343.891428571429,57,21,371,333,428,354
1,1001,279.876396308888,461.005909017322,137,149,217,381,354,530
1,1001,577.071407185629,335.933922155689,160,357,508,136,668,493
1,1001,766.827173053012,159.333163784334,90,282,710,1,800,283
1,1001,279.06969969168,259.345269597728,286,248,156,127,442,375
1,1001,406.015641816747,397.30279113152,164,219,326,289,490,508
1,1001,493.873536299766,292.014051522248,46,16,469,283,515,299
1,1001,576.234588106929,336.80250954719,129,50,514,306,643,356
1,1001,231.173025303857,140.557891244684,194,243,134,26,328,269
1,1001,526.840331577316,243.622520917261,156,216,453,145,609,361
1,1001,298.420103092784,459.69587628866,53,142,274,398,327,540
1,1001,497.540620384047,491.233677991137,45,156,477,444,522,600
1,1001,165.021785854547,354.63471741226,351,574,1,26,352,600
1,1001,546.137925963447,429.459717808152,440,455,331,145,771,600
1,1001,105.442326732673,156.35198019802,73,71,70,125,143,196
1,1001,113.398918172402,357.505075382668,191,483,24,117,215,600
1,1001,519.743490817201,379.45550742295,204,444,419,156,623,600
1,1001,703.861721226938,413.73259100806,234,358,566,194,800,552
1,1001,710.822979985174,224.97842846553,197,191,603,123,800,314
1,1001,400.941502362718,292.366628645918,134,482,347,69,481,551
1,1001,632.465135101482,449.321753206325,134,168,566,367,700,535
1,1001,506.819782690146,381.736230798052,26,393,496,207,522,600
1,1001,730.40990990991,253.261261261261,34,33,713,237,747,270
1,1001,526.114370290635,194.707212055974,63,77,493,156,556,233
1,1001,717.992647058824,161.573223039216,53,81,691,123,744,204
1,1001,496.672911202698,412.451760959161,262,160,407,323,669,483
1,1001,105.556247742867,349.681924882629,280,195,11,237,291,432
1,1001,265.327290624231,228.540070543844,137,94,197,182,334,276
1,1001,515.544619333919,269.896980341823,122,245,446,105,568,350
1,1001,90.0597288384023,430.946989129107,194,222,1,375,195,597
1,1001,712.055281342547,324.173113165216,179,266,621,252,800,518
1,1001,211.555788590604,472.011325503356,84,77,171,440,255,517
1,1001,512.125862544852,363.878829699144,197,284,402,233,599,517
1,1001,318.654370697493,102.21691128718,91,88,273,57,364,145
1,1001,534.891006635606,350.713610052238,144,199,442,252,586,451
1,1001,118.399535178534,221.698499894359,174,200,1,95,175,295
1,1001,80.2347373402745,110.292830099385,112,90,20,65,132,155
1,1001,528.47863345521,102.214236745887,111,113,475,45,586,158
1,1001,666.824143446418,96.3735162892499,137,124,611,31,748,155
1,1001,499.953903654485,162.889950166113,43,178,482,79,525,257
1,1001,542.598913724671,290.547315646543,81,76,505,252,586,328
1,1001,462.896846254928,246.074682435392,63,88,431,202,494,290
1,1001,129.951510170536,326.48880213684,76,84,92,285,168,369
1,1001,439.886613551063,308.248436162507,191,205,316,202,507,407
1,1001,144.936442586041,392.933998070119,224,188,73,286,297,474
1,1001,742.82932166302,138.166301969365,18,53,734,118,752,171
1,1001,230.610089463221,229.096794234592,106,100,178,180,284,280
1,1001,231.449485368315,397.374207870838,282,420,75,180,357,600
1,1001,466.5418425547,380.135049785712,159,392,378,195,537,587
1,1001,636.571575960794,365.94892958473,88,78,597,326,685,404
1,1001,17.1272032902468,151.5910693302,33,106,1,97,34,203
1,1001,373.772043420301,449.694534374405,123,357,314,243,437,600
1,1001,174.310167422393,413.128269968608,345,170,62,330,407,500
1,1001,447.629133347742,339.902528636265,134,82,389,295,523,377
1,1001,628.898462234283,396.968566259611,195,374,533,226,728,600
1,1001,612.889255146889,128.388734674994,121,155,552,50,673,205
1,1001,476.265149578113,235.004602403477,61,81,447,195,508,276
1,1001,415.832587287377,101.776783049836,59,79,387,66,446,145
1,1001,79.1471652593486,172.496984318456,17,57,70,146,87,203
1,1001,74.4515306122449,124.938775510204,13,33,68,108,81,141
1,1001,473.95824992851,358.605090077209,59,74,444,319,503,393
1,1001,486.041830432341,432.583604716451,134,248,425,322,559,570
1,1001,401.9942446776,262.504278292757,205,437,304,64,509,501
1,1001,622.106575231948,513.38305768455,120,146,562,435,682,581
1,1001,482.721052631579,28.8894736842105,15,12,475,23,490,35
1,1001,583.44765625,39.1265625,33,53,568,14,601,67
1,1001,518.177668382188,303.750279704632,75,78,480,263,555,341
1,1001,557.804264934331,362.235489337664,154,221,480,262,634,483
1,1001,314.281497797357,345.284581497797,60,75,288,304,348,379
1,1001,231.82421875,137.369140625,16,34,224,120,240,154
1,1001,154.682387261456,78.1592317977392,71,121,120,16,191,137
1,1001,405.608888888889,285.026666666667,60,60,370,249,430,309
1,1001,477.457327693456,85.7817865140582,109,117,422,29,531,146
1,1001,344.013698630137,104,24,36,332,86,356,122
1,1001,321.5,153.5,23,33,310,137,333,170
1,1001,235.234567901235,119.348528015195,23,49,224,95,247,144
1,1001,362.701986754967,146.938189845475,23,27,354,136,377,163
1,1001,725.437747035573,66.8557312252964,38,30,707,51,745,81
1,1001,762.269129287599,88.6543535620053,52,21,736,78,788,99
1,1001,482.758770464417,169.305045105246,55,72,457,135,512,207
1,1001,482.843661824642,319.384714529557,129,416,416,135,545,551
1,1001,352.061382439285,256.336357975269,92,239,308,137,400,376
1,1001,609.795081967213,27.0696721311475,11,22,604,16,615,38
1,1001,464.440553745928,101.880293159609,34,43,447,80,481,123
1,1001,614.275638544892,201.133900928793,106,314,561,46,667,360
1,1001,681,193.5,30,39,666,174,696,213
1,1001,383.68202764977,155.721198156682,29,39,370,137,399,176
1,1001,450.050320056899,479.007823613087,66,325,425,235,491,560
1,1001,374.431006119629,481.933473711917,101,205,324,369,425,574
1,1001,610.236910994764,217.38612565445,31,36,597,196,628,232
1,1001,376.015032679739,403.82385620915,58,75,346,369,404,444
1,1001,589.165696278511,129.686464585834,265,250,434,1,699,251
1,1001,607.112068965517,203.508620689655,9,15,602,196,611,211
1,1001,645.845286885246,64.5614754098361,60,19,615,55,675,74
1,1001,613.723374827109,155.782157676349,84,28,572,144,656,172
1,1001,291.647132955261,79.1657214870825,62,31,260,62,322,93
1,1001,651.084660002468,335.761754905591,112,276,595,220,707,496
1,1001,491.1,371.388888888889,36,5,473,369,509,374
1,1001,459.293508287293,157.862914364641,92,31,413,142,505,173
1,1001,96.5751814223512,68.2899854862119,102,78,46,29,148,107
1,1001,35.1225071225071,112.196581196581,24,32,22,99,46,131
1,1001,276.402378592666,229.16253716551,67,30,245,212,312,242
1,1001,243.075165294049,276.693307040947,206,65,145,242,351,307
1,1001,220.19836400818,63.8691206543967,18,64,208,30,226,94
1,1001,627.372767857143,243.283482142857,36,49,609,220,645,269
1,1001,240.434161317332,453.846664806028,149,150,166,379,315,529
1,1001,266.662674369452,294.947724390588,138,126,198,232,336,358
1,1001,552.032418516879,303.157060317312,677,477,123,90,800,567
1,1001,68.63477573318,317.367165037378,136,130,1,252,137,382
1,1001,296.256916045225,165.08708203031,118,114,239,113,357,227
1,1001,586.517653482165,243.023780635768,374,370,394,70,768,440
1,1001,93.0166159606834,449.978586473204,146,148,20,376,166,524
1,1001,168.212925851703,234.881513026052,131,90,103,187,234,277
1,1001,238.277969174977,264.7615593835,81,110,201,206,282,316
1,1001,574.785208497246,446.720220298977,179,138,496,368,675,506
1,1001,543.979661699557,439.006510941066,194,186,464,336,658,522
1,1001,571.749141965679,550.986004011589,289,95,434,498,723,593
1,1001,223.383532523974,509.359110019368,408,202,13,387,421,589
1,1001,210.714836223507,472.703275529865,27,33,200,453,227,486
1,1001,538.723414634146,364.149756097561,47,64,513,336,560,400
1,1001,156.166653650918,402.190862944162,97,161,109,320,206,481
1,1001,124.938511326861,79.3825961884214,66,129,92,15,158,144
1,1001,100.452135493373,413.79528718704,23,42,87,390,110,432
1,1001,339.7803718115,428.699956766105,369,62,55,396,424,458
1,1001,273.808404269693,417.465139845967,129,185,206,335,335,520
1,1001,533.028206492815,126.76689728579,42,55,511,99,553,154
1,1001,521.942125582751,281.863854895105,160,411,413,90,573,501
1,1001,429.949579831933,333.798319327731,17,20,420,323,437,343
1,1001,28.9877049180328,330.901639344262,35,10,12,326,47,336
1,1001,349.812698412698,459.31746031746,46,23,330,446,376,469
1,1001,446.239300998573,243.250713266762,108,31,393,228,501,259
1,1001,233.190054409718,475.944261672782,188,140,129,415,317,555
1,1001,520.079454286858,182.730429859567,282,323,384,10,666,333
1,1001,517.173388570732,425.625441696113,219,255,405,318,624,573
1,1001,142.738095238095,411.091036414566,57,42,115,389,172,431
1,1001,190.6372273518,442.66372273518,174,109,115,389,289,498
1,1001,517.061928512053,179.532834580216,70,65,480,152,550,217
1,1001,531.205585232982,307.374940498228,144,331,470,152,614,483
1,1001,379.255632207316,308.527989206527,268,285,259,132,527,417
1,1001,516.737372188139,307.342975460123,541,341,259,105,800,446
1,1001,137.901245904376,424.956382912119,269,301,3,277,272,578
1,1001,66.3337994771083,482.615431385663,154,227,3,373,157,600
1,1001,425.284443168772,224.933409873708,82,64,389,197,471,261
1,1001,352.315902165857,166.792225973812,118,137,294,99,412,236
1,1001,323.137055290727,396.820437549936,334,501,152,99,486,600
1,1001,402.050526315789,326.884210526316,37,20,383,317,420,337
1,1001,533.778008298755,51.134163208852,50,36,509,33,559,69
1,1001,558.072403560831,178.539465875371,45,53,538,155,583,208
1,1001,480.972178566878,338.249840716986,161,403,389,197,550,600
1,1001,564.907095553453,185.016272469253,106,110,511,129,617,239
1,1001,190.850558877861,107.919127086008,205,216,104,10,309,226
1,1001,113.723388227659,196.473060831875,308,435,1,1,309,436
1,1001,332.182059328999,384.632070537249,291,111,195,329,486,440
1,1001,481.02460875482,432.036743025629,266,87,375,376,641,463
1,1001,489.107813182017,358.558707987778,55,49,460,337,515,386
1,1001,583.483468038207,434.429096252755,201,13,472,428,673,441
1,1001,706.965282215122,242.203567625133,218,408,582,1,800,409
1,1001,604.316024686103,123.895296871675,141,378,493,1,634,379
1,1001,441.858191713303,165.421882220054,194,260,347,39,541,299
1,1001,372.270658259179,256.702704932524,460,461,123,47,583,508
1,1001,297.715589631252,462.089813800657,225,102,186,406,411,508
1,1001,439.607680224868,447.361028439153,224,142,324,376,548,518
1,1001,253.896287306228,456.078998179511,158,225,169,343,327,568
1,1001,44.6182988371243,177.044540334967,114,265,1,1,115,266
1,1001,733.84031908194,111.657581694773,143,221,657,1,800,222
1,1001,641.065205011389,114.892796127563,94,127,592,49,686,176
1,1001,355.87436762226,141.105396290051,36,155,335,50,371,205
1,1001,302.935190311419,311.300519031142,156,283,231,174,387,457
1,1001,429.400089605735,503.911439665472,90,94,383,458,473,552
1,1001,774.771602724991,245.286303334528,68,137,732,180,800,317
1,1001,743.044854155201,104.391579526692,97,78,703,62,800,140
1,1001,774.574385122975,132.208458308338,61,108,739,73,800,181
1,1001,673.035852755391,387.524112393814,249,229,551,280,800,509
1,1001,261.985847706291,340.788932226437,432,347,25,188,457,535
1,1001,695.992880155921,317.387971838829,163,313,602,174,765,487
1,1001,397.985284391534,230.659391534392,119,95,338,188,457,283
1,1001,584.357332155477,221.28445229682,59,125,555,159,614,284
1,1001,706.529767529768,213.851823851824,75,84,670,170,745,254
1,1001,616.953571428571,212.645238095238,73,16,581,203,654,219
1,1001,742.408263305322,446.701680672269,69,75,708,409,777,484
1,1001,695.5733512786,409.88380439659,109,89,644,366,753,455
1,1001,714.548891008824,531.385404245171,179,105,621,481,800,586
1,1001,612.744498428122,576.86481851957706,96,47,566,553,662,600
1,1001,693.443686006826,586.795221843003,39,14,673,580,712,594
1,1001,694.701257861635,596.503144654088,56,8,668,592,724,600
1,1001,109.405554133606,128.935820322498,135,157,37,56,172,213
1,1001,556.377512083439,138.821928262529,98,109,508,89,606,198
1,1001,523.045281539442,342.341571785615,308,511,420,89,728,600
1,1001,314.602771362587,307.519630484988,37,51,298,280,335,331
1,1001,139.870212495228,358.566846437695,303,544,3,56,306,600
1,1001,771.250203086921,159.481722177092,61,175,739,95,800,270
1,1001,726.853223593964,195.824417009602,62,16,699,187,761,203
1,1001,403.3052,222.5516,96,59,353,182,449,241
1,1001,172.304013708794,369.578030597463,323,368,36,211,359,579
1,1001,548.453431192661,258.357113149847,163,452,457,35,620,487
1,1001,660.765124198718,364.036658653846,123,148,591,308,714,456
1,1001,545.419134396355,89.2061503416856,38,50,524,59,562,109
1,1001,406.142338416848,282.534495279593,35,45,389,260,424,305
1,1001,406.681895490001,394.825875315231,115,285,339,252,454,537
1,1001,408.448583345319,354.741981878326,97,103,357,306,454,409
1,1001,308.699591836735,307.530612244898,60,89,279,256,339,345
1,1001,629.600738234389,337.175638265149,74,71,591,305,665,376
1,1001,97.4643056210608,104.057668396004,204,175,1,16,205,191
1,1001,521.948612907863,460.054764984907,217,319,409,281,626,600
1,1001,268.341214810706,382.700067605048,415,358,65,203,480,561
1,1001,521.903010703239,123.455121310794,611,329,189,1,800,330
1,1001,495.061236766121,316.860322425409,394,138,276,241,670,379
1,1001,389.19670058056,269.184284646778,134,156,323,192,457,348
1,1001,395.483933128483,408.251045952468,249,409,297,191,546,600
1,1001,583.103366524419,340.732574679943,119,103,519,289,638,392
1,1001,724.595903786616,224.992855441772,137,189,656,130,793,319
1,1001,767.994517168117,492.208210540744,75,239,725,361,800,600
1,1001,676.545881822113,415.186666917336,195,287,579,273,774,560
1,1001,395.664074650078,100.977782714952,81,69,356,67,437,136
1,1001,406.7601013617,307.478599871906,131,489,350,67,481,556
1,1001,527.966571531673,300.834169865171,123,500,452,66,575,566
1,1001,519.216690183431,111.882281798025,69,91,485,67,554,158
1,1001,202.052700008668,94.5787466412412,128,125,137,37,265,162
1,1001,556.547926106657,354.543743464622,126,38,493,335,619,373
1,1001,429.069515306122,360.459821428571,46,39,405,341,451,380
1,1001,400.491044124072,334.122761031018,61,91,368,281,429,372
1,1001,466.912453760789,347.996917385943,41,150,447,271,488,421
1,1001,246.227637855223,316.989527819642,302,563,122,37,424,600
1,1001,603.113063986299,138.591473172923,263,305,471,1,734,306
1,1001,354.972716488731,355.023724792408,24,37,343,337,367,374
1,1001,393.344193548387,404.955483870968,58,69,361,374,419,443
1,1001,542.300124146493,423.953988206083,136,140,472,355,608,495
1,1001,523.732589285714,309.494196428571,38,79,505,265,543,344
1,1001,352.389096637492,279.908294789397,799,599,1,1,800,600
1,1001,203.11090510182,79.2900713822193,232,199,87,1,319,200
1,1001,719.618727872055,550.225064094738,176,124,624,476,800,600
1,1001,101.641225910519,360.63753896159,321,545,1,30,322,575
1,1001,51.3596480240496,203.895816371266,117,334,1,30,118,364
1,1001,335.944071371427,406.970375039395,383,271,145,272,528,543
1,1001,637.509863210943,495.150755939525,127,158,582,418,709,576
1,1001,677.19527702089,476.846503178928,58,54,651,451,709,505
1,1001,34.9156116064831,338.626631853786,96,346,1,158,97,504
1,1001,774.864556601084,191.793840889649,55,76,745,153,800,229
1,1001,719.469289107426,73.3737394782899,178,159,622,1,800,160
1,1001,525.998013245033,323.285099337748,42,93,503,283,545,376
1,1001,517.035380784395,521.621809504046,125,112,448,465,573,577
1,1001,617.402939176203,251.7311570419,167,268,546,129,713,397
1,1001,433.030253891772,112.259636767976,126,223,372,12,498,235
1,1001,737.768402273028,542.259019426457,132,123,668,477,800,600
1,1001,739.536956521739,399.212700228833,150,162,650,320,800,482
1,1001,382.133467900748,360.148089799134,262,184,248,263,510,447
1,1001,383.079518072289,325.193631669535,96,60,335,295,431,355
1,1001,157.547619047619,427.11543098252,79,85,130,380,209,465
1,1001,144.949544329772,336.268996318426,115,160,87,262,202,422
1,1001,146.768085106383,296.2,68,21,113,285,181,306
1,1001,699.901432806324,348.243577075099,160,190,620,254,780,444
1,1001,340.577775321877,345.093938221805,198,252,213,242,411,494
1,1001,674.581932773109,96.6470588235294,30,22,660,87,690,109
1,1001,631.082902670112,91.8664944013781,74,134,595,28,669,162
1,1001,624.637611940298,53.9510447761194,41,56,604,28,645,84
1,1001,779.592017738359,102.19005384859,56,91,744,59,800,150
1,1001,250.811950726236,429.696341239198,213,216,144,320,357,536
1,1001,614.995271867612,90.839243498818007,18,35,606,73,624,108
1,1001,707.009825055025,263.937010732681,202,263,598,143,800,406
1,1001,363.82807668522,263.254792826221,64,34,332,246,396,280
1,1001,365.937373737374,391.040404040404,22,36,356,372,378,408
1,1001,695.96770677204,113.175637007767,113,122,640,44,753,166
1,1001,688.118587608261,67.2624916722185,38,49,669,44,707,93
1,1001,444.439579099741,229.476380035075,322,424,264,14,586,438
1,1001,269.745283018868,460.794811320755,45,21,247,450,292,471
1,1001,373.792551417454,512.827126181212,170,66,289,481,459,547
1,1001,737.075096277279,184.044287548139,30,101,722,133,752,234
1,1001,388.533457249071,553.794609665428,138,44,314,530,452,574
1,1001,423.628750500067,581.463661821576,218,47,314,553,532,600
1,1001,646.695581896552,27.5150862068966,69,56,612,1,681,57
1,1001,481.047413793103,530.939655172414,41,53,461,504,502,557
1,1001,545.963956120494,539.537175692147,64,124,514,469,578,593
1,1001,526.832753929867,89.0834340991536,112,157,474,14,586,171
1,1001,398.089901181007,340.645938780429,145,69,340,306,485,375
1,1001,428.940894089409,408.629762976298,60,108,399,370,459,478
1,1001,486.790273556231,408.610030395137,56,104,460,368,516,472
1,1001,506.457683885096,281.120056679119,210,207,398,187,608,394
1,1001,454.467916366258,246.341435781234,115,116,398,188,513,304
1,1001,164.830707251567,33.3276633840645,223,110,52,1,275,111
1,1001,338.415009264978,118.75120444719,193,93,242,74,435,167
1,1001,724.793698175788,125.124378109453,92,66,669,83,761,149
1,1001,90.8270401948843,305.269995939911,101,49,40,282,141,331
1,1001,560.654846335697,308.018912529551,24,23,550,298,574,321
1,1001,278.180155464106,274.222831885383,211,234,168,161,379,395
1,1001,304.657460758991,358.692827339559,116,105,261,304,377,409
1,1001,419.758431165633,367.73736974014,212,143,316,298,528,441
1,1001,322.562967168133,227.222726842653,108,138,267,161,375,299
1,1001,62.4519906323185,110.229094916655,155,138,1,39,156,177
1,1001,403.691904883387,306.664513876767,474,297,144,161,618,458
1,1001,217.661556504985,301.96188322024,153,113,144,249,297,362
1,1001,300.94422403734,209.696616102684,91,86,257,167,348,253
1,1001,93.0080348175427,437.877636424506,123,84,31,397,154,481
1,1001,449.999562363239,455.814004376368,138,112,361,404,499,516
1,1001,112.984428361062,286.063790456497,271,237,1,170,272,407
1,1001,81.5468030219274,141.137737239727,194,187,1,51,195,238
1,1001,22.9417190775681,49.5415094339623,51,120,1,1,52,121
1,1001,242.001112614644,61.7323410013532,314,166,80,1,394,167
1,1001,658.560955365704,278.757523719572,283,377,517,61,800,438
1,1001,608.971710027785,387.966153068957,43,153,586,324,629,477
1,1001,666.980840543881,438.461372064277,86,54,623,409,709,463
1,1001,744.120393900889,438.213151207116,111,39,689,418,800,457
1,1001,480.844900993445,351.905656552004,105,176,429,267,534,443
1,1001,602.058922965467,565.821540690654,90,59,561,537,651,596
1,1001,643.807576265505,138.572242708683,128,157,582,64,710,221
1,1001,133.460226424112,303.223257759058,267,376,1,95,268,471
1,1001,170.820718144264,168.678995869082,130,161,109,93,239,254
1,1001,75.0598493003229,427.63057050592,49,167,51,359,100,526
1,1001,144.844258130081,472.410823170732,96,57,100,442,196,499
1,1001,193.921624962416,323.87096181472,343,475,39,100,382,575
1,1001,534.367174885107,300.175529437337,543,377,221,142,764,519
1,1001,385.116666666667,208.005673758865,172,28,299,194,471,222
1,1001,337.318257956449,143.670854271357,53,31,313,127,366,158
1,1001,453.894288832303,82.6717351764278,124,135,391,24,515,159
1,1001,576.043059125964,158.178663239075,101,23,521,146,622,169
1,1001,669.004447268107,107.888691232529,137,109,599,59,736,168
1,1001,385.626437310275,262.992778953178,197,225,308,133,505,358
1,1001,393.673807205453,158.391918208374,46,57,369,130,415,187
1,1001,388.815053970702,377.361073631457,256,201,254,250,510,451
1,1001,476.710673234811,319.118226600985,84,60,427,290,511,350
1,1001,517.634252265861,401.320996978852,294,142,392,328,686,470
1,1001,249.304445353825,313.305839736886,369,356,61,135,430,491
1,1001,467.740420939018,112.28116567728,64,100,440,59,504,159
1,1001,375.441558441558,396.448051948052,17,30,367,382,384,412
1,1001,605.533500382822,352.82502958168,329,256,439,220,768,476
1,1001,533.675156255222,92.7832313914235,350,213,365,1,715,214
1,1001,547.065158333506,225.841307037736,513,479,262,1,775,480
1,1001,593.320758753476,96.4323611210155,105,165,543,15,648,180
1,1001,638.618490967056,219.030818278427,54,41,613,198,667,239
1,1001,212.24395873909,149.886821034408,117,214,159,25,276,239
1,1001,106.781104705226,199.947647387019,125,110,40,146,165,256
1,1001,141.161779835391,91.9495884773662,85,141,96,27,181,168
1,1001,549.035452066289,444.772393538913,103,327,501,273,604,600
1,1001,539.707564026206,311.07683144729,55,80,512,273,567,353
1,1001,416.316551817322,383.887771922713,201,436,296,164,497,600
1,1001,414.150675675676,221.874324324324,44,59,395,190,439,249
1,1001,249.911654135338,361.374060150376,81,73,209,325,290,398
1,1001,284.832880434783,323.37839673913,60,38,250,306,310,344
1,1001,343.104180491042,212.672727272727,101,94,293,166,394,260
1,1001,208.340798717526,339.052289122542,86,423,169,143,255,566
1,1001,205.208469055375,175.174086138256,62,64,176,145,238,209
1,1001,214.309072202385,286.85824608122,465,389,34,53,499,442
1,1001,285.550363958292,225.958980916781,156,99,199,180,355,279
1,1001,595.6275634233,402.857102786262,340,346,409,231,749,577
1,1001,145.077978203683,161.744832769635,159,243,58,51,217,294
1,1001,516.239807923169,327.649651860744,193,205,412,231,605,436
1,1001,259.230935444393,300.097330579777,397,284,77,173,474,457
1,1001,378.874685666387,235.809094719195,189,211,277,173,466,384
1,1001,579.679745026926,301.477085393999,104,108,525,248,629,356
1,1001,580.797244058859,322.75385970522,743,599,57,1,800,600
1,1001,679.777813442272,198.93562882988,289,489,511,1,800,490
1,1001,198.32355679702,398.523324022346,215,172,108,314,323,486
1,1001,442.96072598185,468.854003649909,239,323,327,277,566,600
1,1001,497.757899934167,448.872448979592,107,97,445,400,552,497
1,1001,461.686139747995,507.641084383352,85,59,420,478,505,537
1,1001,386.390455589382,317.361707525503,390,252,200,187,590,439
1,1001,280.678834724432,449.708096521711,545,170,6,335,551,505
1,1001,683.627530031265,319.047528934233,195,280,581,149,776,429
1,1001,698.606384756811,437.824586327929,235,99,565,376,800,475
1,1001,177.71591882551,204.177148258648,156,335,104,54,260,389
1,1001,606.840604121049,202.336084442199,212,193,507,141,719,334
1,1001,495.467830164105,292.194234609707,178,189,412,195,590,384
1,1001,308.499253178334,402.490036588472,790,459,1,141,791,600
1,1001,225.714549277041,306.33135967735,300,353,46,141,346,494
1,1001,666.32923740502,147.535998194448,203,298,563,3,766,301
1,1001,32.8530470914127,500.323961218837,94,267,1,333,95,600
1,1001,369.230627328519,375.590011936483,455,533,241,67,696,600
1,1001,325.412775391437,195.427878619925,155,204,241,95,396,299
1,1001,557.199064559563,412.680131339617,376,230,364,313,740,543
1,1001,498.190526957051,313.968169357295,168,72,421,280,589,352
1,1001,471.298429147673,331.353130226609,207,332,352,170,559,502
1,1001,413.345633456335,211.411316113161,76,79,377,170,453,249
1,1001,399.25810505152,386.977129932144,170,144,336,298,506,442
1,1001,597.096428571429,466.896428571429,18,18,588,458,606,476
1,1001,133.209158415842,385.444719471947,48,186,109,296,157,482
1,1001,578.73724586953,198.123324688514,267,312,437,40,704,352
1,1001,610.563013968129,380.859098957309,315,329,451,227,766,556
1,1001,649.002066115703,369.634297520661,33,37,633,351,666,388
1,1001,202.321629985423,394.120337180682,419,438,1,162,420,600
1,1001,163.362910198872,384.073290237576,304,119,21,322,325,441
1,1001,441.083229464034,83.4959993566805,483,175,251,6,734,181
1,1001,491.022627609191,74.4958779161551,95,102,441,32,536,134
1,1001,453.21533933518,207.637067174515,323,413,237,5,560,418
1,1001,232.932295527551,220.537682233753,144,125,169,149,313,274
1,1001,447.228394743623,87.7320278278794,165,180,368,5,533,185
1,1001,160.018705035971,93.1338129496403,26,37,146,76,172,113
1,1001,216.948706283765,199.60818879727,141,187,151,112,292,299
1,1001,77.9113325887104,224.470744909356,127,185,17,126,144,311
1,1001,238.962062712063,396.461843336843,544,184,1,295,545,479
1,1001,737.506241331484,128.891816920943,58,17,709,121,767,138
1,1001,702.278371161549,116.190086782376,73,260,672,32,745,292
1,1001,731.838746683875,178.862479386248,106,153,675,99,781,252
1,1001,168.894852941176,310.558088235294,61,31,139,295,200,326
1,1001,157.017830406969,236.885123179529,134,130,83,169,217,299
1,1001,165.248578954665,338.348537363094,205,69,70,308,275,377
1,1001,337.675250175282,356.525591178533,143,171,265,273,408,444
1,1001,490.564457932895,419.181352217164,228,230,378,306,606,536
1,1001,186.361458155057,507.346120933662,494,236,1,364,495,600
1,1001,222.087525150905,231.275779678068,99,173,174,153,273,326
1,1001,396.528079218665,475.042023874118,311,173,229,389,540,562
1,1001,416.224903612737,439.561616450093,239,50,295,413,534,463
1,1001,452.819515774028,412.092443140132,136,30,384,397,520,427
1,1001,386.390541024722,522.618774632748,90,45,341,500,431,545
1,1001,290.146189224704,335.0814717477,85,79,248,299,333,378
1,1001,169.637983212471,335.973676697311,117,184,108,240,225,424
1,1001,615.231577333027,248.68154282647,193,390,516,65,709,455
1,1001,269.308959965573,283.80715632792,316,581,144,19,460,600
1,1001,579.977300364816,298.795297932712,69,54,544,275,613,329
1,1001,677.748019827278,291.680310695488,94,599,631,1,725,600
1,1001,66.7609976759628,291.027556440903,53,599,40,1,93,600
1,1001,392.639587805925,77.874366680979,106,177,345,1,451,178
1,1001,282.287165582068,122.764967462039,155,220,203,17,358,237
1,1001,302.827344701583,379.673061307349,104,126,250,317,354,443
1,1001,373.161253837454,323.468250121183,100,102,324,268,424,370
1,1001,530.572167726636,374.662498652582,75,163,492,291,567,454
1,1001,622.160441426146,404.207130730051,77,71,583,371,660,442
1,1001,602.589832313016,347.92866648922,82,61,565,319,647,380
1,1001,152.342713077424,355.39884367421803,295,499,1,95,296,594
1,1001,413.707267144319,82.510747185261,67,99,382,32,449,131
1,1001,126.269299573414,148.968487684051,106,106,78,94,184,200
1,1001,357.535680304472,109.954646368538,52,72,331,75,383,147
1,1001,27.2489726512682,433.845755986963,58,281,1,301,59,582
1,1001,154.322303921569,589.200980392157,39,23,135,577,174,600
1,1001,455.829011174362,569.045540796964,116,56,398,544,514,600
1,1001,352.612940618578,475.000895726856,168,163,260,392,428,555
1,1001,354.088044701409,223.375266772729,198,404,255,75,453,479
1,1001,355.55519268452,270.546701502286,201,63,248,234,449,297
1,1001,450.48122732769,308.044830713422,159,453,379,48,538,501
1,1001,673.925387720416,308.46021882303,287,577,513,1,800,578
1,1001,746.9612316914,200.472035577899,179,561,621,1,800,562
1,1001,665.19070574624,34.6662167373698,89,74,621,1,710,75
1,1001,200.200199203187,338.652390438247,264,40,58,317,322,357
1,1001,299.176134197484,560.974456728936,91,42,252,540,343,582
1,1001,306.425326244563,62.4485258579024,45,84,284,13,329,97
1,1001,234.022900763359,78.941475826972,37,28,215,64,252,92
1,1001,190.627487810727,299.715050755335,329,239,49,186,378,425
1,1001,467.664311952529,446.439389658095,77,58,424,418,501,476
1,1001,620.142767945054,168.077831944478,211,265,524,42,735,307
1,1001,420.578331266866,338.41566990008,227,314,305,185,532,499
1,1001,439.106711329106,333.787893288671,180,83,347,294,527,377
1,1001,458.373454453697,271.034317436286,157,79,364,229,521,308
1,1001,408.364809384164,203.473900293255,143,26,336,190,479,216
1,1001,653.87304820095,74.4921928038018,86,43,610,55,696,98
1,1001,631.869198312236,116.105485232068,31,17,617,107,648,124
1,1001,87.1180438448567,358.57319262362,187,355,1,197,188,552
1,1001,721.993924665857,461.188335358445,161,75,639,424,800,499
1,1001,424.454757929883,455.980634390651,114,38,369,437,483,475
1,1001,351.325924818773,216.888453777745,401,400,155,38,556,438
1,1001,675.266713830916,85.6282749675746,252,172,548,1,800,173
1,1001,726.890909090909,339.336363636364,65,14,694,333,759,347
1,1001,766.579742837807,289.973381457252,61,97,739,240,800,337
1,1001,594.195612431444,207.332723948812,56,11,567,202,623,213
1,1001,640.457194899818,201.302367941712,61,17,609,194,670,211
1,1001,708.138009049774,199.291101055807,79,22,670,188,749,210
1,1001,93.521474467365607,248.688197497464,57,72,67,211,124,283
1,1001,212.987171837709,449.982696897375,109,52,156,426,265,478
1,1001,541.560873892233,506.793753850528,312,118,392,448,704,566
1,1001,520.271391728839,294.538776826011,136,319,459,118,595,437
1,1001,637.363049095607,136.312661498708,64,32,602,125,666,157
1,1001,698.552061511545,202.145905752895,220,397,567,1,787,398
1,1001,154.310160427807,187.671852211959,39,57,135,159,174,216
1,1001,145,192.87109375,21,29,135,178,156,207
1,1001,103.056168582375,257.032873563218,87,220,64,139,151,359
1,1001,97.2405602923264,174.803897685749,61,85,66,139,127,224
1,1001,111.645171307318,382.342200600352,163,67,31,348,194,415
1,1001,430.285714285714,182.110874200426,61,33,402,164,463,197
1,1001,90.0128205128205,236.070512820513,10,18,85,227,95,245
1,1001,413.436363636364,171.345454545455,8,15,410,164,418,179
1,1001,512.48286252354,146.745762711864,53,60,486,116,539,176
1,1001,600.158955507669,205.806883001648,124,181,542,111,666,292
1,1001,591.710526315789,218.412017167382,78,129,553,153,631,282
1,1001,463.280759521458,306.021731972341,151,142,392,255,543,397
1,1001,293.570439940682,216.148294611962,45,61,271,188,316,249
1,1001,291.230140982013,276.830627126884,91,178,244,188,335,366
1,1001,326.147612156295,228.720694645441,29,39,310,213,339,252
1,1001,502.06312758417,81.1155985430203,342,232,315,1,657,233
1,1001,614.81718061674,205.200440528634,28,67,600,173,628,240
1,1001,720.285049833887,146.568106312292,86,168,678,57,764,225
1,1001,403.972,139.5996,103,46,353,121,456,167
1,1001,333.017543859649,437.07134502924,38,36,317,421,355,457
1,1001,490.429167909335,298.997017596183,67,83,450,260,517,343
1,1001,455.05596107056,426.255474452555,25,28,441,413,466,441
1,1001,330.561004526838,461.73496443199,154,190,256,358,410,548
1,1001,324.819106590004,424.501990269792,52,70,303,387,355,457
1,1001,537.929974380871,413.586251067464,137,111,488,358,625,469
1,1001,272.225741142444,356.623195950832,301,290,122,211,423,501
1,1001,452.066277251403,135.881703615123,177,169,373,49,550,218
1,1001,84.1642116231706,57.6424004168048,207,141,1,1,208,142
1,1001,568.704559728677,397.337059833354,240,316,454,236,694,552
1,1001,579.738061012618,501.381408720652,187,51,490,474,677,525
1,1001,463.665058949625,301.463022508039,17,116,455,243,472,359
1,1001,673.617781457969,139.527187413746,384,305,416,1,800,306
1,1001,683.240745920746,108.349370629371,109,132,630,49,739,181
1,1001,580.877995642702,228.368917937545,222,103,456,183,678,286
1,1001,317.450721153846,339.737980769231,31,31,302,324,333,355
1,1001,117.499455930359,383.611534276387,33,32,101,368,134,400
1,1001,689.755175517552,401.810081008101,37,34,671,384,708,418
1,1001,757.244776119403,337.010945273632,36,33,739,320,775,353
1,1001,304.406147091109,199.46103183315,35,28,287,186,322,214
1,1001,409.937798728555,388.479346060304,721,338,23,262,744,600
1,1001,156.357234726688,268.168810289389,99,49,109,241,208,290
1,1001,275.383918948049,224.555507652511,291,92,127,185,418,277
1,1001,588.470904473741,127.399854117139,236,275,469,1,705,276
1,1001,584.651471984805,547.393162393162,116,52,526,525,642,577
1,1001,370.813577425074,510.80287526969,331,192,202,404,533,596
1,1001,352.676511954993,483.238537271449,221,25,241,470,462,495
1,1001,302.248210707129,553.739765244775,142,31,232,538,374,569
1,1001,447.946021212301,530.03175919891,234,115,321,482,555,597
1,1001,162.879356727313,343.744877163079,407,479,1,104,408,583
1,1001,75.0511982570806,184.83660130719,139,25,14,172,153,197
1,1001,100.979773462783,314.537216828479,123,37,42,297,165,334
1,1001,712.569090143514,368.60145970034,208,327,592,202,800,529
1,1001,591.258823529412,235.129411764706,14,6,584,232,598,238
1,1001,333.228179551122,325.183291770574,44,26,311,312,355,338
1,1001,552.158368026644,398.908243130724,272,117,347,358,619,475
1,1001,604.925241157556,357.485530546624,39,41,584,338,623,379
1,1001,475.290366350068,329.206241519674,54,20,449,319,503,339
1,1001,489.48220347202,410.958296964407,253,142,365,340,618,482
1,1001,384.348207171315,342.158565737052,39,40,364,323,403,363
1,1001,598.760598503741,312.489609310058,60,47,568,288,628,335
1,1001,468.257038660861,178.164008122115,390,348,278,10,668,358
1,1001,473.487160120846,337.642749244713,85,22,433,324,518,346
1,1001,474.649251623835,140.647557187235,70,70,443,112,513,182
1,1001,193.594381313131,344.639362373737,99,288,148,201,247,489
1,1001,566.823441396509,268.006483790524,228,42,447,244,675,286
1,1001,214.653686036427,266.324197745013,113,364,142,113,255,477
1,1001,194.044343891403,222.443438914027,30,46,179,200,209,246
1,1001,232.848942598187,382.450151057402,12,31,227,367,239,398
1,1001,117.679460490936,323.333767022292,109,352,60,153,169,505
1,1001,150.17874015748,175.39842519685,35,46,132,153,167,199
1,1001,381.770319514127,155.564325323475,211,224,276,43,487,267
1,1001,740.329422553065,326.862879952531,113,404,684,112,797,516
1,1001,467.587976627914,341.779109692187,445,61,245,313,690,374
1,1001,607.669803236268,425.049636213936,214,304,504,271,718,575
1,1001,83.4315722469764,209.501909611712,49,80,59,169,108,249
1,1001,268.737350972482,110.382547159181,275,167,129,27,404,194
1,1001,612.066937512091,462.288160185723,180,71,519,424,699,495
1,1001,273.152630215082,203.959212231148,308,186,114,65,422,251
1,1001,642.301343570058,208.345489443378,22,31,631,194,653,225
1,1001,490.909892879647,125.241440873766,90,161,446,53,536,214
1,1001,620.39587628866,519.959278350515,112,24,561,508,673,532
1,1001,610.120096197204,194.85780850744,107,177,559,73,666,250
1,1001,625.026022304833,131.938492734032,107,78,569,90,676,168
1,1001,675.259668508287,543.602209944751,28,17,661,535,689,552
1,1001,432.827807486631,326.573262032086,11,107,428,277,439,384
1,1001,680.732538330494,343.930153321976,37,38,662,325,699,363
1,1001,618.995641646489,351.285230024213,45,56,598,323,643,379
1,1001,583.814303638645,370.516938519448,26,37,572,352,598,389
1,1001,555.577951460304,339.979432332374,77,36,517,323,594,359
1,1001,587.122702434178,300.96174863388,72,32,550,284,622,316
1,1001,414.959883532837,482.357489485603,40,87,395,439,435,526
1,1001,479.854812398042,337.458401305057,10,109,475,278,485,387
1,1001,459.307547169811,329.07358490566,10,106,454,277,464,383
1,1001,407.030303030303,326.034482758621,12,109,402,276,414,385
1,1001,384.184726522188,324.928792569659,12,109,379,275,391,384
1,1001,161.575741399763,418.42381376038,169,230,75,303,244,533
1,1001,261.373406118874,472.900232207602,179,249,140,328,319,577
1,1001,309.335143139191,381.65251727542,19,111,300,328,319,439
1,1001,206.565143824027,342.890016920474,18,41,197,322,215,363
1,1001,282.972640761301,330.985428231562,170,204,169,276,339,480
1,1001,71.9760596111992,495.347891844037,147,219,1,381,148,600
1,1001,351.537366142629,256.539074960128,175,131,249,219,424,350
1,1001,473.39766882167,210.034873295267,186,173,380,141,566,314
1,1001,70.9738372093023,499.232558139535,97,37,24,481,121,518
1,1001,65.2745098039216,465.156862745098,41,13,45,459,86,472
1,1001,82.1553940749022,558.449413079933,45,46,59,536,104,582
1,1001,454.038450249486,63.866027459805,294,128,319,1,613,129
1,1001,110.774752475248,503.445544554455,36,28,93,489,129,517
1,1001,143.438047429462,304.860308118401,313,323,1,161,314,484
1,1001,329.283473389356,332.607843137255,50,47,308,308,358,355
1,1001,509.929279834057,302.247120848728,370,352,395,107,765,459
1,1001,478.843350834574,178.786302013949,121,135,422,111,543,246
1,1001,443.504747991234,278.631117604091,27,112,432,238,459,350
1,1001,626.456437855402,367.625812347685,118,124,563,309,681,433
1,1001,376.214732650739,299.574516496018,60,71,346,266,406,337
1,1001,249.819665120563,221.907102207309,287,254,56,69,343,323
1,1001,262.523107049608,130.710966057441,94,117,216,69,310,186
1,1001,194.279289940828,226.610650887574,64,55,155,195,219,250
1,1001,336.526784177368,351.539883636864,558,171,1,280,559,451
1,1001,668.539494026704,224.770344342937,185,103,589,167,774,270
1,1001,604.326369317486,331.357186619287,471,345,329,164,800,509
1,1001,425.266211604096,27.5880453832672,209,60,320,1,529,61
1,1001,55.8083832335329,136.219219096054,160,272,1,21,161,293
1,1001,126.916537547774,21.6366077884516,255,56,1,1,256,57
1,1001,754.767147812465,48.243370258476,104,99,696,1,800,100
1,1001,365.329832749903,412.149876831324,145,110,293,355,438,465
1,1001,499.091157524888,368.929923872731,146,82,425,329,571,411
1,1001,22.9840887174542,544.226615236258,48,52,1,517,49,569
1,1001,259.933984799131,298.79891422367,245,111,124,232,369,343
1,1001,298.699771689498,265.748287671233,50,45,272,244,322,289
1,1001,274.668688845401,194.787279843444,90,133,227,144,317,277
1,1001,181.702920254586,192.810089853987,152,219,99,81,251,300
1,1001,596.803285717689,356.005939383352,393,559,407,41,800,600
1,1001,342.049881293492,391.682636103152,487,470,142,130,629,600
1,1001,500.664962967497,168.392391503948,173,257,417,45,590,302
1,1001,279.115586853004,294.372849808441,291,338,142,134,433,472
1,1001,482.989473684211,406.231578947368,17,26,475,393,492,419
1,1001,552.014266304348,516.446671195652,170,37,464,498,634,535
1,1001,585.899796555775,322.387604229348,310,326,435,173,745,499
1,1001,559.79164394022,203.686320497436,166,127,479,140,645,267
1,1001,144.298334540188,186.149891383056,52,126,121,138,173,264
1,1001,145.505789473684,251.876315789474,55,104,119,202,174,306
1,1001,146.178823529412,150.736470588235,19,28,136,138,155,166
1,1001,715.870796460177,216.149734513274,60,83,685,173,745,256
1,1001,600.030379553107,418.846763085399,206,165,497,338,703,503
1,1001,580.062427745665,212.020809248555,76,22,538,201,614,223
1,1001,72.244591611479,407.408388520971,55,52,46,381,101,433
1,1001,455.005616157252,247.812560751701,326,145,297,157,623,302
1,1001,362.769295170321,453.027523415834,174,131,276,387,450,518
1,1001,648.018620077301,373.152460043873,188,296,545,214,733,510
1,1001,522.838463038814,275.798010532475,217,190,414,191,631,381
1,1001,352.687952320136,272.769892831362,257,352,240,88,497,440
1,1001,754.032410051399,403.89566676185,147,417,653,183,800,600
1,1001,349.955336154208,157.264143551168,144,138,276,88,420,226
1,1001,230.02158049719,344.819014770234,612,568,1,32,613,600
1,1001,263.095537411439,150.762355279074,287,259,105,28,392,287
1,1001,679.297527283828,405.566168053118,394,293,403,227,797,520
1,1001,210.858221993833,238.252723535457,163,143,129,167,292,310
1,1001,341.027514130319,322.398101738296,614,29,101,309,715,338
1,1001,426.69150625124,190.106568763644,147,224,333,96,480,320
1,1001,350.84339314845,215.660685154976,28,224,334,108,362,332
1,1001,126.147727272727,321.772727272727,29,11,110,317,139,328
1,1001,401.939203354298,114.183438155136,38,37,380,96,418,133
1,1001,417.397691500525,375.709601259182,93,58,373,348,466,406
1,1001,280.544456641054,557.908891328211,114,26,228,543,342,569
1,1001,603.69325640704,361.637652075756,200,469,497,91,697,560
1,1001,150.373707351389,378.60194336968,371,471,1,129,372,600
1,1001,139.394757298324,238.009759889445,204,218,22,135,226,353
1,1001,302.775236326806,575.097991222147,259,66,174,534,433,600
1,1001,691.045598313126,393.452556668424,231,337,569,181,800,518
1,1001,265.27551417319,336.176083045656,188,455,157,136,345,591
1,1001,535.599603158199,197.522012318631,197,411,425,23,622,434
1,1001,584.464140480591,355.02669659361,264,448,425,152,689,600
1,1001,179.340984820437,347.198445020363,58,58,151,318,209,376
1,1001,266.929598788796,168.626419379258,51,65,242,136,293,201
1,1001,552.110766366739,191.132485262178,66,75,524,156,590,231
1,1001,541.140274314214,63.4996882793017,53,84,516,23,569,107
1,1001,527.173419403402,323.348292949972,547,599,178,1,725,600
1,1001,531.382645231087,160.743137846882,305,339,379,1,684,340
1,1001,255.863805843672,463.232052064267,165,194,171,366,336,560
1,1001,469.552461139896,333.574481865285,172,66,397,303,569,369
1,1001,477.021099058291,436.006437000834,120,101,427,387,547,488
1,1001,585.975469163091,188.50656611624,132,207,521,86,653,293
1,1001,330.05293756545,152.921749178493,205,192,229,63,434,255
1,1001,193.390711715558,362.428035616271,291,244,55,234,346,478
1,1001,132.346454095657,373.442330951072,80,177,88,281,168,458
1,1001,396.037690457097,389.41090617482,185,138,311,339,496,477
1,1001,678.113800424628,406.178525932666,240,143,555,352,795,495
1,1001,133.550106609808,295.797441364606,19,32,123,281,142,313
1,1001,148.832214765101,302.238255033557,18,20,140,292,158,312
1,1001,480.053264604811,398.431271477663,36,77,460,357,496,434
1,1001,779.254155495979,421.677747989276,42,75,755,381,797,456
1,1001,83.1636880306765,449.259107093947,158,274,1,293,159,567
1,1001,338.025205324271,341.005097706032,47,96,314,291,361,387
1,1001,585.051325930433,335.607722340533,292,360,429,153,721,513
1,1001,390.381615598886,133.973001928434,169,249,310,20,479,269
1,1001,600.641209081309,293.220512143611,246,280,463,155,709,435
1,1001,633.569239238137,395.719475944071,223,430,544,170,767,600
1,1001,305.522787661007,262.332160842169,402,177,95,164,497,341
1,1001,525.067434605232,289.147348212143,122,49,458,264,580,313
1,1001,657.534838224229,228.164635063958,80,128,617,168,697,296
1,1001,762.770491803279,341.655737704918,10,9,758,337,768,346
1,1001,543.705434756435,423.144019841556,211,250,439,292,650,542
1,1001,283.410869968466,451.813392691523,80,86,243,409,323,495
1,1001,382.900758182827,357.82191949701,78,274,343,203,421,477
1,1001,383.991932015972,224.242715265691,548,274,158,112,706,386
1,1001,117.187722980063,376.656505771249,98,309,72,200,170,509
1,1001,112.080267558528,434.511881710966,70,103,75,381,145,484
1,1001,230.647106109325,336.438906752412,47,36,206,319,253,355
1,1001,218.945515942594,320.65653613871,78,268,181,172,259,440
1,1001,222.649377593361,172.367219917012,114,123,158,112,272,235
1,1001,685.520078557031,513.894568194739,210,191,574,409,784,600
1,1001,679.159365479567,468.795566761214,100,126,629,409,729,535
1,1001,217.512986676344,424.970423557468,279,436,85,164,364,600
1,1001,193.906386320014,234.427412318967,114,148,135,164,249,312
1,1001,591.948794326241,256.023546099291,214,46,482,233,696,279
1,1001,572.352134146341,338.611585365854,252,21,444,328,696,349
1,1001,225.106965174129,383.633499170813,78,26,189,373,267,399
1,1001,164.225506694959,214.241018511744,176,129,79,149,255,278
1,1001,278.78035520116,275.65186661834,109,67,224,240,333,307
1,1001,546.769772180033,223.491387293943,101,77,498,187,599,264
1,1001,618.829751671442,153.523479783508,182,191,511,42,693,233
1,1001,322.274113887275,192.19436374201,126,87,260,146,386,233
1,1001,398.232161650179,206.115133656072,52,109,372,149,424,258
1,1001,421.753228120516,279.312589670014,134,64,357,249,491,313
1,1001,548.753502461189,277.006815600151,158,63,467,247,625,310
1,1001,493.553966189857,298.062418725618,65,36,464,281,529,317
1,1001,403.423123543124,156.489230769231,88,135,359,86,447,221
1,1001,190.104836240158,208.008540145489,422,427,1,1,423,428
1,1001,752.268085106383,435.34085106383,98,64,702,406,800,470
1,1001,516.874931431706,210.00603400987401,42,47,496,187,538,234
1,1001,600.637446286065,171.21546961326,89,118,561,117,650,235
1,1001,711.58496991713,262.066976955387,161,73,632,225,793,298
1,1001,684.654526091587,201.966773162939,112,57,632,173,744,230
1,1001,540.439394461878,312.080968309252,261,167,416,229,677,396
1,1001,515.519155750831,84.7725947521866,277,141,387,21,664,162
1,1001,515.957236842105,357.960526315789,11,41,511,337,522,378
1,1001,692.55447042641,223.157817514901,160,181,614,131,774,312
1,1001,675.093486981256,375.355247611407,282,469,492,131,774,600
1,1001,240.701446426064,36.7362729953658,112,86,184,1,296,87
1,1001,251.369781312127,129.935116573288,222,280,150,1,372,281
1,1001,465.815154038301,194.288925895087,96,48,415,171,511,219
1,1001,458.148247232472,31.3219557195572,197,77,353,1,550,78
1,1001,724.855390008764,29.2903155127082,85,63,681,1,766,64
1,1001,338.892988929889,378.098799766945,577,407,47,193,624,600
1,1001,172.416163141994,236.179003021148,43,41,151,216,194,257
1,1001,495.599871959027,121.085147247119,54,94,473,58,527,152
1,1001,770.854779411765,136.818933823529,43,73,743,85,786,158
1,1001,414.12963257515497,348.470176554796,175,278,296,227,471,505
1,1001,425.752823086575,251.543287327478,39,49,406,227,445,276
1,1001,233.473890733474,31.7032900694235,122,69,178,1,300,70
1,1001,473.694312796209,206.109004739336,13,38,468,188,481,226
1,1001,212.811717227943,346.052463122739,253,343,130,163,383,506
1,1001,465.752661151424,483.828782787927,366,136,277,411,643,547
1,1001,647.792018198048,233.245472083849,337,595,450,1,787,596
1,1001,643.296430931923,25.3347653668209,64,55,610,1,674,56
1,1001,198.003167062549,215.821852731591,93,104,152,163,245,267
1,1001,149.300372599599,64.8071080538836,85,138,103,1,188,139
1,1001,605.391517383434,272.769287185569,239,442,491,1,730,443
1,1001,375.390197296135,426.456026369847,268,356,282,244,550,600
1,1001,380.335573580533,350.364403244496,158,242,315,244,473,486
1,1001,466.230829780256,435.970613315841,122,166,404,358,526,524
1,1001,474.256874140732,500.717379077615,212,242,378,358,590,600
1,1001,425.546544952765,92.5878356862329,201,119,322,30,523,149
1,1001,109.417459505541,470.841534526854,241,141,1,401,242,542
1,1001,325.532236662728,374.110697082614,577,138,58,303,635,441
1,1001,730.644115024521,357.542019616585,158,117,635,300,793,417
1,1001,687.192032686415,318.02962206333,34,38,670,300,704,338
1,1001,100.640677491601,369.790360209033,112,309,36,203,148,512
1,1001,225.346318938606,331.878511966701,128,207,152,245,280,452
1,1001,607.93949224907,257.022495294352,329,294,439,95,768,389
1,1001,361.29340932071,260.024450776726,128,113,296,206,424,319
1,1001,286.221572551343,412.62710879068,504,404,1,196,505,600
1,1001,388.601882985878,153.346637147412,521,317,122,1,643,318
1,1001,660.443586756954,504.013997196612,316,207,484,393,800,600
1,1001,120.056377847996,109.866456011974,76,101,81,62,157,163
1,1001,366.349080161036,437.589818070631,215,164,259,347,474,511
1,1001,269.010129969419,307.542431192661,448,91,1,262,449,353
1,1001,755.281036834925,268.667121418827,51,113,730,212,781,325
1,1001,717.207351867826,514.88467918519,196,140,604,438,800,578
1,1001,101.908889685267,270.253072496153,201,362,1,62,202,424
1,1001,304.404577883472,167.791319857313,58,71,276,132,334,203
1,1001,290.216010354956,276.889182058047,152,268,219,132,371,400
1,1001,583.450481927711,46.5275903614458,99,102,538,1,637,103
1,1001,591.975848571461,257.329166523181,333,461,407,1,740,462
1,1001,690.138258650028,155.737095859331,170,86,630,112,800,198
1,1001,580.615432455887,217.613349725195,321,362,423,1,744,363
1,1001,211.462640236397,325.750543953516,536,599,1,1,537,600
1,1001,773.29456641519,102.363567008562,68,234,732,1,800,235
1,1001,138.357675930589,463.805625505548,279,356,1,244,280,600
1,1001,431.400181543117,186.861301059002,573,48,155,161,728,209
1,1001,236.092536010476,73.6797613851302,195,95,132,15,327,110
1,1001,453.0770016042,86.0144378007875,190,87,370,31,560,118
1,1001,654.488753387534,98.3743902439024,175,123,586,40,761,163
1,1001,258.71934460888,334.860465116279,44,56,236,307,280,363
1,1001,459.791406945681,442.154274265361,72,77,424,404,496,481
1,1001,638.798356510746,328.180783817952,47,46,615,306,662,352
1,1001,744.725738396624,539.408345053915,56,39,717,520,773,559
1,1001,146.293040795338,318.063901268426,126,148,83,244,209,392
1,1001,456.743213746012,414.452146415179,133,274,391,279,524,553
1,1001,641.951154921289,347.404296012947,104,132,590,281,694,413
1,1001,260.431867384178,347.743489824952,117,141,200,277,317,418
1,1001,254.50603057282,447.568654459936,353,223,66,335,419,558
1,1001,397.944321370551,203.625609215773,241,318,277,1,518,319
1,1001,616.243726560356,384.488352593225,340,269,439,265,779,534
1,1001,390.694945848375,32.2919675090253,53,53,364,5,417,58
1,1001,189.655521155831,325.741754385965,110,365,128,150,238,515
1,1001,194.764859813084,175.278878504673,69,55,156,150,225,205
1,1001,674.716505348956,158.333927661742,73,81,639,116,712,197
1,1001,670.336281781762,283.614612669073,158,374,586,116,744,490
1,1001,311.588628888973,380.876875968699,147,417,238,183,385,600
1,1001,281.371075837743,253.910052910053,67,60,251,223,318,283
1,1001,529.398763958143,418.232670833626,519,444,281,156,800,600
1,1001,609.420655754581,469.269302038295,365,166,411,380,776,546
1,1001,535.840429965998,278.474432379072,281,238,416,156,697,394
1,1001,196.604646555606,140.100333183251,293,304,52,1,345,305
1,1001,144.545764029224,277.154632364371,389,599,1,1,390,600
1,1001,692.543157894737,442.164013157895,179,142,597,380,776,522
1,1001,408.258923907365,287.868622671078,67,298,380,151,447,449
1,1001,655.107537688442,249.024394700777,113,404,599,22,712,426
1,1001,701.271327379119,442.797813366184,127,71,637,405,764,476
1,1001,101.83526996669,187.775776589976,185,403,1,76,186,479
1,1001,383.842948717949,553.769871794872,174,66,296,521,470,587
1,1001,411.210067114094,175.173154362416,34,50,394,151,428,201
1,1001,528.197564687976,274.282496194825,61,163,497,190,558,353
1,1001,763.349640933573,14.4295332136445,86,34,714,1,800,35
1,1001,237.109002796798,152.805501977047,318,337,76,1,394,338
1,1001,750.451344772309,131.937540818144,103,212,697,29,800,241
1,1001,647.63000504004,126.217897743182,151,166,570,43,721,209
1,1001,277.270071592612,315.152309263493,516,599,65,1,581,600
1,1001,438.270652454225,300.883563998968,287,221,340,173,627,394
1,1001,499.026785714286,37.1229707792208,143,61,428,6,571,67
1,1001,689.789299551609,415.997562143572,224,152,576,341,800,493
1,1001,551.117836713469,531.779303172127,217,143,436,457,653,600
1,1001,350.812168617775,132.137645020736,166,170,256,48,422,218
1,1001,323.270661555123,387.919513118817,614,565,1,35,615,600
1,1001,280.779639483439,368.426641157479,639,266,68,239,707,505
1,1001,715.256530546967,393.073959555034,174,366,626,157,800,523
1,1001,68.800882920997,100.42978018946,85,213,26,1,111,214
1,1001,169.772381756757,463.454814189189,147,55,97,434,244,489
1,1001,180.81076312307,275.817379797089,66,104,148,226,214,330
1,1001,578.681641573579,237.252549781447,70,81,544,199,614,280
1,1001,362.038834951456,95.8932038834951,18,21,354,85,372,106
1,1001,67.103620474407,16.3570536828964,28,31,53,1,81,32
1,1001,472.096153846154,5.15865384615385,23,9,461,1,484,10
1,1001,295.83797859916,314.461570026199,348,227,148,226,496,453
1,1001,578.48372793441,267.659081402158,92,201,534,183,626,384
1,1001,386.453287197232,117.868079584775,68,77,354,85,422,162
1,1001,476.907683284458,78.5246920821114,78,179,439,1,517,180
1,1001,654.39992036103,67.209052296257,77,170,611,1,688,171
1,1001,305.872928176796,31.0379834254144,75,31,268,14,343,45
1,1001,182.67260511355,287.690694068647,162,375,102,112,264,487
1,1001,209.301484828922,149.344738540994,36,50,192,124,228,174
1,1001,544.600252861847,280.058207229105,577,245,223,162,800,407
1,1001,646.515205724508,80.8085867620751,98,25,592,68,690,93
1,1001,88.8538904699105,169.011105712501,183,148,5,108,188,256
1,1001,57.6480117185817,358.428159062513,129,231,1,253,130,484
1,1001,455.037491479209,217.620313565099,66,29,423,205,489,234
1,1001,454.340674855287,250.199350557673,79,336,416,176,495,512
1,1001,357.628472222222,309.052083333333,18,17,349,301,367,318
1,1001,562.272746265538,377.520944322574,199,364,448,194,647,558
1,1001,572.89443378119,223.416026871401,50,60,546,194,596,254
1,1001,520.257439631275,409.13630139273903,252,203,391,311,643,514
1,1001,324.327199539965,126.005257537172,231,132,204,46,435,178
1,1001,343.545816733068,316.458167330677,30,62,327,288,357,350
1,1001,181.009937888199,407.17730095991,147,303,105,262,252,565
1,1001,428.527901234568,146.29037037037,55,53,401,121,456,174
1,1001,431.255495718195,200.331243930432,120,466,368,88,488,554
1,1001,186.432171979244,282.424017790956,45,44,162,262,207,306
1,1001,660.952530815631,31.6176239181747,164,23,579,20,743,43
1,1001,765.958755530184,309.078350221207,100,341,700,210,800,551
1,1001,746.731578947368,502.005263157895,48,85,734,467,782,552
1,1001,281.057863816535,361.111020668177,159,325,203,258,362,583
1,1001,518.540736896731,191.790866632071,103,26,467,180,570,206
1,1001,698.923454891153,370.203999230917,280,526,520,74,800,600
1,1001,760.550511157525,137.64702649225,92,135,708,74,800,209
1,1001,647.856115107914,457.68345323741,22,19,637,448,659,467
1,1001,166.944359666628,434.932503815002,102,213,126,339,228,552
1,1001,272.76113261605,343.941479472096,99,418,222,137,321,555
1,1001,642.663665215145,359.769983024577,82,398,602,162,684,560
1,1001,479.37558685446,483.206572769953,23,214,470,343,493,557
1,1001,400.090056539256,273.277042353658,95,546,354,6,449,552
1,1001,389.363264710177,251.50949043656,74,320,360,64,434,384
1,1001,166.910321489002,363.14551607445,20,33,157,347,177,380
1,1001,130.900475852992,231.731623974891,333,279,1,69,334,348
1,1001,134.261992619926,106.153896244845,73,76,97,69,170,145
1,1001,370.883248730964,96.3563061304178,87,86,322,53,409,139
1,1001,352.990018307035,179.211925725743,207,238,230,53,437,291
1,1001,484.053298923893,317.36137702683,498,462,167,80,665,542
1,1001,530.032943676939,156.867516826072,192,155,448,84,640,239
1,1001,637.273460003032,170.309692253272,222,246,530,51,752,297
1,1001,580.109941302525,343.429072514126,594,572,206,28,800,600
1,1001,395.761887672708,367.729076414345,523,518,89,36,612,554
1,1001,410.827160493827,548.658024691358,74,99,381,501,455,600
1,1001,362.387845116417,352.929174265236,185,459,288,141,473,600
1,1001,564.312251984127,450.459046378968,227,307,409,293,636,600
1,1001,576.141816415736,331.933462846042,68,78,543,293,611,371
1,1001,70.6407366684992,515.299890049478,125,42,2,494,127,536
1,1001,362.067670682731,176.25843373494,77,99,324,124,401,223
1,1001,178.272533759063,510.444887913258,113,196,110,404,223,600
1,1001,133.838081774685,394.733144845585,158,101,56,345,214,446
1,1001,258.074559105989,275.097394408552,240,518,154,63,394,581
1,1001,202.750304506699,110.174177831912,85,110,161,63,246,173
1,1001,424.645017793594,132.855871886121,90,102,380,85,470,187
1,1001,486.389478434284,345.916794037585,206,515,380,85,586,600
1,1001,272.843332791944,140.762968978399,178,242,185,32,363,274
1,1001,170.281497296874,314.190315756484,362,572,2,28,364,600
1,1001,548.388508170796,453.923036373221,95,48,499,432,594,480
1,1001,277.879184861718,402.737925102554,103,284,224,218,327,502
1,1001,687.807637231504,430.405182407092,168,116,609,365,777,481
1,1001,434.529629818565,357.812647723988,450,228,157,251,607,479
1,1001,697.564993754133,265.592671516398,245,401,548,93,793,494
1,1001,607.00305914344,123.839904826649,55,67,579,93,634,160
1,1001,274.94233653931,136.605708991441,156,184,201,46,357,230
1,1001,249.513279170388,345.890324370724,437,554,1,46,438,600
1,1001,234.751993345371,479.727241372314,550,367,1,233,551,600
1,1001,138.26848792293,529.043747382138,226,191,41,409,267,600
1,1001,583.217007467374,103.433910251937,147,205,508,1,655,206
1,1001,388.711507065248,363.247987389518,200,495,290,105,490,600
1,1001,440.947855340622,96.0790580319596,47,39,417,80,464,119
1,1001,367.678861788618,263.606051250386,154,180,290,172,444,352
1,1001,407.636507936508,477.677380952381,56,53,381,451,437,504
1,1001,473.178490736557,352.356981473113,83,144,430,286,513,430
1,1001,413.769282360832,208.453788205423,552,461,121,1,673,462
1,1001,463.377757352941,487.239889705882,50,52,438,462,488,514
1,1001,528.722145804677,411.318202659331,50,50,504,386,554,436
1,1001,774.461153846154,486.51,52,56,748,458,800,514
1,1001,43.8920276208412,111.119899560578,43,44,23,88,66,132
1,1001,138.915254237288,101.838484546361,33,50,126,83,159,133
1,1001,95.540937323546,182.920101637493,127,36,31,163,158,199
1,1001,150.947196153184,304.472500805165,335,531,1,33,336,564
1,1001,456.168924851102,327.018508411836,187,309,373,178,560,487
1,1001,713.25545942394,322.766268754791,195,365,605,130,800,495
1,1001,567.507073270875,409.546116233063,179,252,481,302,660,554
1,1001,447.859863625676,349.428638608041,80,63,408,320,488,383
1,1001,423.010942384993,30.8179991067441,78,66,383,1,461,67
1,1001,405.539468530315,382.957758674006,314,480,259,120,573,600
1,1001,398.017467248908,155.819990295973,76,72,362,120,438,192
1,1001,246.338171396875,321.013404825737,105,255,194,198,299,453
1,1001,237.786374133949,216.288683602771,34,37,220,198,254,235
1,1001,306.692944145193,316.42658643503,437,504,104,23,541,527
1,1001,530.167160455325,203.098237954156,176,127,439,137,615,264
1,1001,650.635482560501,475.525100110266,239,112,522,418,761,530
1,1001,363.188730853392,103.046553610503,166,178,274,23,440,201
1,1001,743.633822263664,266.301301821833,148,512,652,1,800,513
1,1001,150.501233792454,262.833505316524,176,170,62,176,238,346
1,1001,329.673417721519,180.793459915612,96,66,283,145,379,211
1,1001,518.186117467582,98.1327231121281,70,62,486,62,556,124
1,1001,328.622075782537,374.14233937397,82,56,292,344,374,400
1,1001,702.438521677328,345.106445793013,265,599,535,1,800,600
1,1001,435.669726972697,99.5226522652265,252,117,304,42,556,159
1,1001,328.487814895947,233.662787513691,112,165,273,145,385,310
1,1001,512.663757957228,240.076031757385,171,163,429,146,600,309
1,1001,276.828950898846,453.393927197925,216,237,171,344,387,581
1,1001,468.970989164628,425.271000815566,117,173,413,343,530,516
1,1001,315.642283090044,424.803002967182,394,387,60,191,454,578
1,1001,555.448181818182,159.751818181818,42,45,533,137,575,182
1,1001,570.366572097922,288.119210350979,341,579,388,13,729,592
1,1001,580.466523685192,78.5841104065647,117,131,520,13,637,144
1,1001,403.083478766725,232.591041303083,108,82,349,191,457,273
1,1001,572.145211707872,295.697357203751,106,44,526,272,632,316
1,1001,291.90146878825,325.487148102815,54,145,264,254,318,399
1,1001,295.547892720306,269.126436781609,15,19,288,260,303,279
1,1001,752.092964824121,357.738693467337,22,20,741,348,763,368
1,1001,406.831310679612,452.677184466019,135,29,331,437,466,466
1,1001,185.171945294223,333.633592765881,377,335,1,175,378,510
1,1001,248.889323990107,212.780708985985,103,76,201,175,304,251
1,1001,364.511097780444,29.6145770845831,88,40,321,9,409,49
1,1001,502.673451327434,31.129203539823,78,30,465,16,543,46
1,1001,457.347205222358,292.124439004488,166,48,377,268,543,316
1,1001,520.03561867367,91.4760204992224,247,223,387,1,634,224
1,1001,574.774990230559,56.7420867526377,129,130,505,1,634,131
1,1001,303.7412755716,229.116526273566,98,81,261,187,359,268
1,1001,649.999272197962,308.7503930131,225,201,538,204,763,405
1,1001,450.523049052397,258.728400222965,232,248,343,154,575,402
1,1001,332.736321991414,413.14595638019,222,207,220,308,442,515
1,1001,144.13114179268,332.704930966469,248,135,33,271,281,406
1,1001,118.947005719799,497.160246249971,241,220,1,380,242,600
1,1001,266.703182262399,196.78982408991,189,226,168,86,357,312
1,1001,631.519504242279,454.78725438312,358,255,442,321,800,576
1,1001,137.930136420008,241.386803874092,270,479,1,12,271,491
1,1001,401.689141234918,480.44286728176,36,55,383,451,419,506
1,1001,227.283597195113,524.408732740548,203,100,126,466,329,566
1,1001,312.417307131044,359.02247300321,116,299,254,180,370,479
1,1001,305.03869047619,230.784226190476,32,28,288,218,320,246
1,1001,480.301559116501,370.879969683846,232,236,367,260,599,496
1,1001,686.058271793566,351.352389440625,318,511,482,89,800,600
1,1001,401.00234741784,462.044600938967,21,23,390,451,411,474
1,1001,496.225832695253,417.258996937213,238,174,359,346,597,520
1,1001,293.700584610523,124.489966819403,89,82,249,84,338,166
1,1001,297.259393719368,462.580504628789,42,199,280,347,322,546
1,1001,101.313753581662,440.940014949545,124,170,34,347,158,517
1,1001,90.9418674698795,441.780722891566,97,40,42,423,139,463
1,1001,205.106783919598,455.743718592965,19,116,194,388,213,504
1,1001,305.455939136751,133.12252934205,115,270,246,1,361,271
1,1001,487.894867229233,136.554463110629,127,271,427,1,554,272
1,1001,491.693022044784,121.01744488804,124,137,434,49,558,186
1,1001,685.651398301784,379.179870686297,140,117,616,321,756,438
1,1001,206.398288250211,189.729247675402,221,386,116,1,337,387
1,1001,212.541387222026,62.7023473349806,133,157,139,1,272,158
1,1001,366.675782325411,518.094108470221,254,132,241,457,495,589
1,1001,563.019496831287,173.263863917473,391,297,362,7,753,304
1,1001,556.884807965452,270.390826530466,397,529,356,12,753,541
1,1001,212.241887905605,85.0029498525074,28,20,196,74,224,94
1,1001,510.013342696629,414.0625,78,50,470,386,548,436
1,1001,19.41246105919,369.730841121495,45,44,1,347,46,391
1,1001,475.138780131138,340.205528562668,178,210,383,239,561,449
1,1001,440.544203974821,151.845356814485,257,233,338,27,595,260
1,1001,395.314570507183,64.3013778950454,53,82,368,27,421,109
1,1001,242.112202493389,311.20620828611,276,297,60,155,336,452
1,1001,234.528201725282,425.49203715992,65,62,203,396,268,458
1,1001,173.83500315557,380.926455506469,191,465,76,135,267,600
1,1001,176.72207423193,177.819747824543,86,94,133,135,219,229
1,1001,261.810227272727,273.697727272727,71,28,224,261,295,289
1,1001,508.44365192582,450.59533999049,39,81,492,406,531,487
1,1001,693.314636698053,373.219702338767,321,380,479,196,800,576
1,1001,752.736123959297,273.520351526364,100,154,700,196,800,350
1,1001,681.405137811078,303.10302381589503,57,91,651,259,708,350
1,1001,671.849154365041,371.248411379411,147,224,586,259,733,483
1,1001,241.768987341772,408.731012658228,30,27,227,396,257,423
1,1001,118.756851359418,277.338769197373,163,326,41,112,204,438
1,1001,32.7698456281652,283.273903227775,93,285,1,133,94,418
1,1001,662.490967429268,467.355905011782,288,348,512,252,800,600
1,1001,650.964012212823,349.448971419991,159,212,569,252,728,464
1,1001,339.679399692476,427.664938431627,284,395,199,205,483,600
1,1001,411.961190366621,369.788464488418,96,103,359,316,455,419
1,1001,103.483303730018,181.376021314387,83,91,64,143,147,234
1,1001,230.932771613363,399.932652940129,88,299,185,256,273,555
1,1001,232.340448239061,272.774813233725,33,37,216,254,249,291
1,1001,319.931263858093,303.151884700665,31,41,305,283,336,324
1,1001,324.298683524505,423.265836809176,83,281,283,283,366,564
1,1001,522.77029290133,242.852062613213,364,414,342,141,706,555
1,1001,528.698587399255,218.696854146806,268,134,391,152,659,286
1,1001,109.939494470774,445.525276461295,137,205,39,324,176,529
1,1001,422.810479981373,213.810879134282,381,472,203,1,584,473
1,1001,287.318568994889,214.762350936968,21,204,278,127,299,331
1,1001,609.820275077733,433.45700159668303,504,230,296,316,800,546
1,1001,286.985758513932,554.613622291022,58,91,259,509,317,600
1,1001,407.634688289806,158.905223251896,161,188,328,55,489,243
1,1001,444.31435546106,321.497991967871,105,132,394,255,499,387
1,1001,557.968157259455,351.624209679273,137,79,490,311,627,390
1,1001,327.273152260296,328.282688981347,159,315,237,189,396,504
1,1001,339.557077625571,213.338602037232,55,65,313,181,368,246
1,1001,183.122169550631,185.228646599569,519,415,1,1,520,416
1,1001,413.21017829732,270.366867398748,274,60,290,238,564,298
1,1001,87.5374550484094,502.31479944675,192,213,1,387,193,600
1,1001,598.022575674188,413.876312603192,422,287,378,272,800,559
1,1001,132.974202037226,395.550790201209,298,364,1,205,299,569
1,1001,636.854291472269,377.475181514507,421,540,379,60,800,600
1,1001,411.213597890939,353.811516581102,276,177,273,253,549,430
1,1001,150.317492976694,292.924069164721,201,181,58,205,259,386
1,1001,616.537357578252,191.542527198375,211,304,521,60,732,364
1,1001,226.105049760413,48.7213416881681,59,55,197,21,256,76
1,1001,482.277992852889,533.879764740917,117,171,422,429,539,600
1,1001,700.842159317029,551.202965530522,219,149,581,451,800,600
1,1001,242.934507978723,543.217752659574,49,82,218,505,267,587
1,1001,456.249011857708,548.471343873518,48,33,432,534,480,567
1,1001,699.882517482518,582.423776223776,69,31,665,569,734,600
1,1001,291.701117318436,437.837988826816,48,61,267,408,315,469
1,1001,493.182168409466,472.785635663181,66,84,455,429,521,513
1,1001,709.505237430168,487.969972067039,48,73,686,451,734,524
1,1001,707.324340210427,98.4340798213131,113,230,654,1,767,231
1,1001,231.376849491907,299.174075667803,129,527,169,73,298,600
1,1001,216.445154943433,153.631087063453,53,58,192,128,245,186
1,1001,266.072047496791,519.142329910141,159,192,174,408,333,600
1,1001,553.723427331887,277.301318643681,190,262,459,138,649,400
1,1001,300.366206990715,300.831977061715,353,301,126,145,479,446
1,1001,399.354747283892,136.330121240749,326,171,220,66,546,237
1,1001,328.733448723496,276.648537096828,172,200,243,184,415,384
1,1001,328.792425674515,311.624355559374,168,440,243,160,411,600
1,1001,732.59726443769,284.06315433975,134,261,651,153,785,414
1,1001,596.245445115302,193.364630156661,207,386,480,1,687,387
1,1001,587.539936102236,22.7695116385212,57,54,561,1,618,55
1,1001,730.012254901961,185.380821078431,61,71,700,153,761,224
1,1001,372.688862928349,84.4236760124611,76,52,335,64,411,116
1,1001,147.547244094488,244.455905511811,65,57,115,216,180,273
1,1001,160.999252815285,448.011207770721,185,194,72,385,257,579
1,1001,600.0100456621,353.085844748858,32,74,584,327,616,401
1,1001,491.864039627384,448.390359307999,152,111,424,387,576,498
1,1001,594.081288343558,439.279141104294,53,98,566,398,619,496
1,1001,702.655946554805,447.655946554805,136,109,630,389,766,498
1,1001,223.634854771784,278.805238589212,65,58,191,250,256,308
1,1001,145.254098360656,316.596774193548,65,59,113,287,178,346
1,1001,137.894961131404,285.487215509975,154,499,69,101,223,600
1,1001,611.364504289744,302.205742473772,356,550,409,50,765,600
1,1001,621.190094261617,252.976599966926,132,120,553,193,685,313
1,1001,594.566540477577,103.843185789167,82,120,554,50,636,170
1,1001,204.330110991765,484.970640887934,142,57,132,456,274,513
1,1001,495.873593822805,230.914997004593,267,352,343,69,610,421
1,1001,348.089744862504,404.028293457758,188,150,255,327,443,477
1,1001,143.655366658209,417.22593250444,194,136,57,349,251,485
1,1001,745.855569155447,457.146878824969,136,45,664,431,800,476
1,1001,649.428410372041,456.498308906426,49,23,625,444,674,467
1,1001,231.179779701023,497.168764752164,322,36,51,481,373,517
1,1001,390.985829959514,82.6933198380567,79,25,342,69,421,94
1,1001,68.4800713860797,344.845925044616,87,32,26,330,113,362
1,1001,69.4267294117647,347.618494117647,169,179,1,274,170,453
1,1001,586.470335264174,279.925311567492,135,269,524,146,659,415
1,1001,594.494270435447,167.585943468296,37,48,577,146,614,194
1,1001,425.401248581158,228.318671963678,70,64,390,196,460,260
1,1001,247.91863838274,351.512736832563,115,431,188,129,303,560
1,1001,265.276713218577,161.06105878532,65,79,237,129,302,208
1,1001,305.586535303777,188.350082101806,67,59,270,157,337,216
1,1001,334.817751715866,322.018091557273,203,410,241,155,444,565
1,1001,629.95182212939,263.575056340351,360,493,401,53,761,546
1,1001,712.094055860587,117.824779183576,92,63,669,86,761,149
1,1001,83.6447009780343,521.812730479397,66,96,50,474,116,570
1,1001,185.213684487407,127.072894061945,272,266,51,1,323,267
1,1001,535.677637947725,522.884414327202,104,57,485,494,589,551
1,1001,457.867609903992,463.817584638706,97,79,408,426,505,505
1,1001,673.496069081067,566.811831421575,179,55,584,540,763,595
1,1001,655.368858654573,456.246126228269,187,216,568,330,755,546
1,1001,556.856630824373,399.22504616053,104,315,504,187,608,502
1,1001,482.873913043478,400.204669887279,97,120,434,349,531,469
1,1001,421.498820420874,332.439463999245,86,238,380,217,466,455
1,1001,477.020499141302,364.09588190156,211,254,384,251,595,505
1,1001,182.944363256785,320.571878914405,215,436,83,102,298,538
1,1001,434.654486321025,297.40214272049,103,85,390,251,493,336
1,1001,181.560056061668,152.792291520673,88,98,136,102,224,200
1,1001,305.957836117741,332.435560859189,43,116,281,280,324,396
1,1001,506.838695004962,111.94347502481,135,181,439,22,574,203
1,1001,506.404915368232,191.895303217128,138,581,436,19,574,600
1,1001,609.460529482551,541.147833935018,153,117,535,483,688,600
1,1001,295.828125,291.196875,17,24,288,280,305,304
1,1001,517.677119877807,472.769480441994,291,314,370,286,661,600
1,1001,351.113322428208,175.410305343511,128,121,289,115,417,236
1,1001,213.535218022675,312.735135423189,348,485,69,115,417,600
1,1001,639.520404583723,145.93551216089801,292,69,494,109,786,178
1,1001,322.116896170469,125.461553925018,282,51,189,105,471,156
1,1001,29.0882512181917,225.941526800217,79,37,1,209,80,246
1,1001,469.86271567892,339.904576144036,126,105,400,286,526,391
1,1001,745.13177636235,157.423920736023,86,138,701,81,787,219
1,1001,195.140217237974,399.356185639723,105,109,140,347,245,456
1,1001,173.903373434546,542.508536351429,359,153,1,447,360,600
1,1001,95.9291826497492,349.438108586604,202,176,1,266,203,442
1,1001,215.660403026954,95.1904599948984,104,153,163,21,267,174
1,1001,523.350995070294,245.317546101881,259,308,404,104,663,412
1,1001,570.755961941622,385.2149588776,405,496,377,104,782,600
1,1001,326.735427829193,188.197921740542,104,157,275,116,379,273
1,1001,500.289038579302,160.56338028169,152,29,436,148,588,177
1,1001,573.847651545564,29.0853071055801,99,71,526,1,625,72
1,1001,311.679205024142,332.907788079762,337,427,142,116,479,543
1,1001,309.215412722139,346.00315562199,131,57,243,320,374,377
1,1001,63.6221565731167,514.677991137371,47,100,41,461,88,561
1,1001,53.2260837415658,455.35770403919,125,134,1,397,126,531
1,1001,304.418839241316,518.078852028131,217,98,184,471,401,569
1,1001,582.707679420533,144.09357215009,276,266,407,1,683,267
1,1001,485.482335976929,131.362653208363,71,30,449,118,520,148
1,1001,652.799413871703,383.607619667861,70,63,618,344,688,407
1,1001,432.397906548822,493.137280926669,220,269,312,331,532,600
1,1001,203.408455029344,504.865463354715,251,238,41,362,292,600
1,1001,79.5140717203813,418.258057194734,74,74,43,382,117,456
1,1001,404.629974901398,372.607744711366,83,89,364,331,447,420
1,1001,216.474690082645,397.934659090909,63,72,185,362,248,434
1,1001,202.539880129092,353.010603964961,54,80,174,301,228,381
1,1001,513.600411946447,346.141349124614,50,173,479,249,529,422
1,1001,361.739436619718,236.283098591549,76,54,326,208,402,262
1,1001,652.6685775911,426.974287660347,116,194,601,324,717,518
1,1001,560.5,387.922792022792,49,186,527,282,576,468
1,1001,236.125656282814,477.591179558978,53,102,205,416,258,518
1,1001,731.448405253283,185.732645403377,42,53,708,152,750,205
1,1001,381.344376955641,63.6442113013068,70,102,346,15,416,117
1,1001,342.585080710034,259.551366618402,236,566,236,15,472,581
1,1001,569.636126169646,359.969656307588,340,340,401,179,741,519
1,1001,358.477067291597,189.693337797121,117,48,302,166,419,214
1,1001,585.119306674203,143.866186237106,346,76,417,102,763,178
1,1001,271.760134111612,438.077982670518,231,350,155,250,386,600
1,1001,312.184477333644,306.371052324904,94,119,263,250,357,369
1,1001,213.476735316552,358.247902364607,49,52,191,329,240,381
1,1001,471.900065733872,445.705850314584,201,349,379,251,580,600
1,1001,462.412290429904,323.788766390502,139,143,396,251,535,394
1,1001,721.38290214214,468.541882989398,202,314,598,286,800,600
1,1001,754.231062289669,372.898406248016,106,186,694,286,800,472
1,1001,86.3743039802021,530.352237574758,59,105,60,481,119,586
1,1001,22.4836448598131,522.774365821095,55,143,1,457,56,600
1,1001,83.3975409836066,527.063012295082,55,46,58,505,113,551
1,1001,225.57395560725,65.7782785693516,177,144,141,1,318,145
1,1001,77.0572632718555,413.603332946681,154,289,1,286,155,575
1,1001,50.6342475640563,345.209040057741,103,148,1,276,104,424
1,1001,237.926517571885,23.2130990415335,76,41,200,3,276,44
1,1001,753.347877358491,18.2706367924528,48,36,729,1,777,37
1,1001,239.456112008616,75,40,46,220,52,260,98
1,1001,767.686773996332,111.363358467495,93,148,707,38,800,186
1,1001,532.829817888428,256.576014292301,119,197,474,153,593,350
1,1001,630.360109293812,372.895541518601,336,504,464,96,800,600
1,1001,227.144275141489,402.003232477144,362,336,49,242,411,578
1,1001,124.18992248062,367.294573643411,31,11,108,362,139,373
1,1001,195.070226700252,428.210982367758,79,217,151,327,230,544
1,1001,95.4145805465316,486.7755589528,123,212,47,339,170,551
1,1001,653.102441699846,421.240879174454,348,209,452,326,800,535
1,1001,181.067980912149,234.245247594461,370,109,5,183,375,292
1,1001,529.59470507457,106.833647366908,167,224,446,1,613,225
1,1001,725.594527363184,101.73631840796,158,153,642,32,800,185
1,1001,629.198971193416,406.526513815403,130,381,563,177,693,558
1,1001,259.084215791528,369.587253562366,746,240,19,259,765,499
1,1001,739.620208587295,383.506840037925,142,67,658,355,800,422
1,1001,469.79157404467003,316.991002434635,234,506,369,28,603,534
1,1001,266.47766953739,300.680022589298,341,517,102,83,443,600
1,1001,96.3023211688065,152.823034596167,121,182,34,59,155,241
1,1001,402.75639906318,386.232957773805,347,305,203,234,550,539
1,1001,743.364589024087,196.458753414452,211,202,589,88,800,290
1,1001,233.794948697711,347.136858721389,80,97,193,297,273,394
1,1001,603.512796095703,400.486489703607,87,115,559,342,646,457
1,1001,720.172232549196,473.461444779181,160,136,640,410,800,546
1,1001,119.097030075188,240.677368421053,248,339,12,66,260,405
1,1001,130.81029355166,405.051397781743,212,165,21,324,233,489
1,1001,545.717870445033,256.741926813347,338,205,378,157,716,362
1,1001,660.031013812875,240.400225870906,139,126,597,175,736,301
1,1001,249.988226357767,250.607292062286,49,68,226,218,275,286
1,1001,232.775915728992,382.288245152023,59,107,208,323,267,430
1,1001,87.0020445252158,334.250795093139,112,74,31,292,143,366
1,1001,20.1983805668016,353.935222672065,16,24,12,341,28,365
1,1001,73.3326216908625,319.942783945346,62,60,42,292,104,352
1,1001,521.378170637971,162.779400461184,43,33,500,147,543,180
1,1001,522.669775474957,181.244559585492,45,68,500,147,545,215
1,1001,717.22379403794,340.948319783198,143,420,638,129,781,549
1,1001,710.969079409698,164.793394237526,49,72,686,129,735,201
1,1001,520.149962152009,396.739689926827,156,253,440,273,596,526
1,1001,552.61420204978,403.506588579795,52,68,528,368,580,436
1,1001,520.599846020595,321.052641709171,141,79,449,281,590,360
1,1001,524.838587342972,505.850201469543,140,36,457,489,597,525
1,1001,164.386862870548,288.914054169332,39,148,144,218,183,366
1,1001,384.709157227875,280.530236129775,59,142,351,209,410,351
1,1001,247.439923712651,420.765719129355,154,380,174,220,328,600
1,1001,146.222071685559,209.65262159599,269,566,11,21,280,587
1,1001,412.013466192171,363.773409252669,310,390,213,146,523,536
1,1001,589.900257953568,44.14235215439,131,91,522,1,653,92
1,1001,766.815773259396,213.240911891559,30,54,752,186,782,240
1,1001,287.735597384933,409.666842174543,216,170,172,318,388,488
1,1001,525.653439367027,358.431838365897,502,231,267,245,769,476
1,1001,508.703354297694,456.684224318658,156,39,430,437,586,476
1,1001,338.806464276367,291.943993718922,132,89,270,246,402,335
1,1001,523.862037871957,289.112263300271,32,113,508,231,540,344
1,1001,171.129766890775,240.522360299791,306,424,1,1,307,425
1,1001,250.207485836352,63.1838023590601,107,147,200,1,307,148
1,1001,260.199536970048,438.61177832441,104,85,210,397,314,482
1,1001,175.77369519833,458.022651356994,106,109,123,404,229,513
1,1001,620.662171454768,488.322394559902,207,165,514,406,721,571
1,1001,613.99672489083,492.683770014556,84,40,572,473,656,513
1,1001,382.737914581636,226.381100896078,279,413,241,36,520,449
1,1001,385.389479008599,409.611195413927,190,89,290,360,480,449
1,1001,349.844804595343,203.503743973741,91,130,303,141,394,271
1,1001,163.726939970717,439.517935578331,52,62,138,409,190,471
1,1001,386.732711642139,190.436427218418,452,80,162,150,614,230
1,1001,113.138046245227,428.026039456937,192,256,19,306,211,562
1,1001,195.11237458194,407.239910813824,78,102,153,352,231,454
1,1001,692.963912133891,399.860878661088,141,272,637,272,778,544
1,1001,694.682560418027,305.890594382756,63,75,661,272,724,347
1,1001,47.8760820045558,334.335307517084,58,57,19,306,77,363
1,1001,619.257326661901,410.3037884203,61,77,585,367,646,444
1,1001,663.94628190899,254.131631520533,139,119,586,201,725,320
1,1001,696.789473684211,211.069659442724,44,22,677,201,721,223
1,1001,124.068699012452,327.35298021,239,189,1,201,240,390
1,1001,698.004512489927,360.907735697019,192,137,600,291,792,428
1,1001,520.52005730659,347.169054441261,104,17,471,338,575,355
1,1001,76.0034423407917,74.421686746988,26,25,63,62,89,87
1,1001,66.2373919874313,290.317674783975,109,239,16,177,125,416
1,1001,122.620963172805,281.797355996223,88,305,73,127,161,432
1,1001,680.010480921448,379.732299798024,191,285,609,237,800,522
1,1001,322.692093762416,337.13667063965,89,153,272,259,361,412
1,1001,639.484245439469,259.145107794362,43,39,619,239,662,278
1,1001,297.409190371991,269.522975929978,23,21,286,259,309,280
1,1001,120.666666666667,198.880758807588,21,19,111,189,132,208
1,1001,52.0372670807453,199.972049689441,22,18,41,192,63,210
1,1001,260.307936131263,188.283239541664,310,374,107,1,417,375
1,1001,581.957158855798,452.377873317769,473,409,320,191,793,600
1,1001,633.413477644633,325.221105527638,152,205,562,227,714,432
1,1001,598.435675306958,541.38512960436606,235,99,479,498,714,597
1,1001,159.071259615206,368.392244510253,279,417,45,175,324,592
1,1001,616.041849690771,234.753862628117,328,465,417,95,745,560
1,1001,330.151729212656,425.243168996811,299,513,136,87,435,600
1,1001,137.25043377675,389.648930017351,59,42,108,369,167,411
1,1001,208.244677748615,131.037911927676,278,53,76,99,354,152
1,1001,184.731208185754,277.169224714679,187,19,97,268,284,287
1,1001,490.948135198135,572.545745920746,122,55,430,545,552,600
1,1001,387.590148043708,204.772030313712,98,152,339,134,437,286
1,1001,374.73714162998,305.25708149898003,329,319,220,134,549,453
1,1001,443.105701357466,392.693936651584,151,39,369,372,520,411
1,1001,534.529850746269,339.15223880597,81,119,495,293,576,412
1,1001,123.615634036401,363.391637608437,333,484,1,116,334,600
1,1001,550.470480605026,301.143185329755,204,492,440,68,644,560
1,1001,123.178295405754,196.950515242593,140,181,52,116,192,297
1,1001,594.087285501959,123.659775705986,80,119,556,68,636,187
1,1001,482.737532060416,269.553434026788,80,109,440,217,520,326
1,1001,493.445169307238,315.319353836595,166,38,418,292,584,330
1,1001,223.939043399787,542.925670686685,113,135,168,465,281,600
1,1001,426.304222993181,563.953642780237,238,85,309,515,547,600
1,1001,281.445682451254,231.493036211699,27,24,268,219,295,243
1,1001,468.303678929766,551.515050167224,41,46,448,530,489,576
1,1001,311.929510591673,389.285609934259,48,77,290,348,338,425
1,1001,322.281451339437,73.5012998756641,113,284,266,1,379,285
1,1001,310.628259041211,367.104289318755,38,49,292,339,330,388
1,1001,308.187531549722,456.26602725896,65,71,275,421,340,492
1,1001,255.807359307359,212.300865800866,37,16,239,204,276,220
1,1001,337.714508580343,208.686427457098,56,17,309,200,365,217
1,1001,332.751037344398,217.821576763485,103,22,285,206,388,228
1,1001,315.736445467867,290.089177307934,169,165,223,218,392,383
1,1001,651.244541820418,393.422816728167,113,370,590,214,703,584
1,1001,653.007052821128,261.847839135654,89,101,610,214,699,315
1,1001,624.589531680441,434.500688705234,85,48,583,411,668,459
1,1001,400.222444519684,389.566450183139,719,509,50,91,769,600
1,1001,448.069359331476,200.241782729805,113,125,394,142,507,267
1,1001,183.759339024199,236.134074712194,181,503,87,97,268,600
1,1001,134.965798045603,187.096091205212,91,45,94,163,185,208
1,1001,719.668371183637,379.809294630772,43,425,698,175,741,600
1,1001,570.943090513069,329.341432720232,264,563,432,37,696,600
1,1001,22.269989615784,205.280373831776,32,44,1,184,33,228
1,1001,348.354535974974,225.887382690302,31,37,333,208,364,245
1,1001,500.115992292871,105.158535645472,125,146,432,37,557,183
1,1001,483.884624919431,497.145272447816,111,232,433,368,544,600
1,1001,61.0184106268935,562.756933115824,137,73,1,527,138,600
1,1001,176.521178637201,565.710980662983,139,79,111,521,250,600
1,1001,315.673626419332,361.306450942062,116,363,261,189,377,552
1,1001,355.636143850106,286.74040495618,42,180,333,207,375,387
1,1001,375.818770226537,461.460625674218,18,67,365,430,383,497
1,1001,181.500900277008,152.010734072022,378,165,13,59,391,224
1,1001,450.475426797724,222.48292809105,100,46,400,201,500,247
1,1001,454.445016199733,439.347055460263,102,68,402,409,504,477
1,1001,582.718077324974,329.135632183908,85,70,540,294,625,364
1,1001,737.922464698331,102.567650834403,52,109,716,48,768,157
1,1001,305.9461575179,148.131455847255,215,118,212,97,427,215
1,1001,293.524194317315,408.659134248665,144,404,221,192,365,596
1,1001,58.4313981706179,115.269740526414,84,88,13,73,97,161
1,1001,639.447876040898,440.692561751168,156,326,573,251,729,577
1,1001,289.675365020193,435.359117738428,107,49,234,408,341,457
1,1001,450.510132105924,314.835375694901,124,535,388,15,512,550
1,1001,452.46663929378,366.776637240813,120,60,391,341,511,401
1,1001,774.694350429576,171.024472793543,62,213,738,76,800,289
1,1001,178.294451732764,422.022155586157,385,482,1,118,386,600
1,1001,242.903137570394,515.215446500402,88,93,199,470,287,563
1,1001,504.813125,458.139375,58,35,477,441,535,476
1,1001,99.2288689571298,136.406202493159,70,296,63,1,133,297
1,1001,266.231433506045,222.284974093264,26,26,253,210,279,236
1,1001,653.835918758996,417.606428914121,183,72,561,381,744,453
1,1001,772.778671531636,357.068330707356,82,259,718,218,800,477
1,1001,676.966969446738,479.836223506744,79,59,639,451,718,510
1,1001,682.423845441313,486.172687574434,222,88,566,442,788,530
1,1001,681.83079878996,298.888071294252,186,179,594,218,780,397
1,1001,482.93358228861,409.261403040811,225,58,369,381,594,439
1,1001,469.104684975767,362.540872374798,72,60,428,332,500,392
1,1001,493.611371145374,270.891932819383,156,140,412,210,568,350
1,1001,360.127937941415,309.19086488364,146,137,283,246,429,383
1,1001,451.15143519629,95.2644599024546,333,192,283,1,616,193
1,1001,176.386840073639,205.622127204703,124,187,111,118,235,305
1,1001,537.16565052341,314.316921661107,143,123,488,242,631,365
1,1001,511.07202216066503,265.486842105263,47,46,488,242,535,288
1,1001,510.626352941176,370.066352941176,101,25,462,357,563,382
1,1001,122.083449235049,275.349930458971,70,100,88,226,158,326
1,1001,102.29821958457,240.152818991098,27,32,90,225,117,257
1,1001,115.28193960511,328.957607433217,132,51,41,298,173,349
1,1001,211.165971394517,222.814958283671,73,92,169,170,242,262
1,1001,213.108108108108,180.75,16,22,205,170,221,192
1,1001,504.680393074403,67.6396817969116,118,30,442,49,560,79
1,1001,191.393482831114,300.849509460406,255,167,66,218,321,385
1,1001,721.546992481203,297.366541353383,37,34,703,277,740,311
1,1001,643.510423452769,329.894788273616,179,91,564,281,743,372
1,1001,555.579866888519,224.553244592346,41,32,535,209,576,241
1,1001,380.37925445705,212.931928687196,27,24,367,201,394,225
1,1001,525.298360655738,211.819672131148,21,15,515,204,536,219
1,1001,193.735089078234,197.771494965143,142,47,117,175,259,222
1,1001,336.39274342836,499.959792669382,129,129,272,435,401,564
1,1001,508.422307457612,129.14793183106,187,177,416,41,603,218
1,1001,309.556574923547,527.351681957187,19,21,300,517,319,538
1,1001,412.511874164696,428.915698570988,117,118,350,373,467,491
1,1001,475.101939333665,369.211337642964,103,112,418,318,521,430
1,1001,242.932556178083,359.371648894512,312,188,101,259,413,447
1,1001,219.272910779168,250.26580540977,243,193,107,129,350,322
1,1001,68.9761368752814,172.964049457971,168,253,1,49,169,302
1,1001,113.236781609195,181.875862068966,25,19,100,172,125,191
1,1001,465.529311072551,200.162418515218,390,384,255,41,645,425
1,1001,520.03032001072,397.480296256593,442,447,299,153,741,600
1,1001,298.971469585502,433.933967342544,119,117,239,375,358,492
1,1001,590.802713325726,444.136342504543,177,177,502,355,679,532
1,1001,231.159798149706,319.232968881413,73,77,194,281,267,358
1,1001,668.152974504249,193.696883852691,19,26,659,182,678,208
1,1001,64.1537266031489,548.324008378945,163,137,1,463,164,600
1,1001,166.295620036958,388.175428257504,383,426,1,174,384,600
1,1001,377.416411154913,430.01781281939,88,194,336,344,424,538
1,1001,779.66859388156,309.958911030031,58,486,742,114,800,600
1,1001,698.635140562249,256.643975903614,78,158,659,182,737,340
1,1001,660.562246670527,295.325998841922,51,58,632,258,683,316
1,1001,446.09101872057,233.668255426668,134,172,378,152,512,324
1,1001,536.931920359666,352.516377649326,53,42,513,333,566,375
1,1001,425.581245526127,390.697208303508,22,89,416,349,438,438
1,1001,176.880864997121,303.344217760507,308,503,46,74,354,577
1,1001,470.217050209205,239.312238493724,31,147,454,168,485,315
1,1001,600.190267426567,187.724682156949,137,33,537,170,674,203
1,1001,173.576296542553,122.558510638298,90,100,127,74,217,174
1,1001,153.292653589933,319.863989637306,116,119,96,258,212,377
1,1001,134.99343832021,219.328083989501,49,19,111,210,160,229
1,1001,139.717624148004,244.935735150925,53,26,113,232,166,258
1,1001,216.049837486457,230.672806067172,47,24,193,217,240,241
1,1001,200.380113278792,263.143486469478,88,24,149,252,237,276
1,1001,557.618773329901,293.204219762303,488,266,312,148,800,414
1,1001,66.0958775765147,536.136373100146,97,115,18,479,115,594
1,1001,298.187324746923,153.417304310632,209,255,199,27,408,282
1,1001,530.947375910747,159.235826502732,177,211,443,51,620,262
1,1001,269.484968878294,521.97953913389,180,114,189,464,369,578
1,1001,533.811205523101,94.592936802974,121,46,473,66,594,112
1,1001,537.131097560976,146.34756097561,50,48,507,125,557,173
1,1001,532.146436961629,224.924823805795,101,14,482,218,583,232
1,1001,740.371810636336,160.159890869966,122,217,678,52,800,269
1,1001,475.077641437724,516.146704311,113,107,416,462,529,569
1,1001,579.469471000637,479.354365838113,100,100,529,429,629,529
1,1001,750.722732383808,532.649362818591,103,113,697,475,800,588
1,1001,245.317851404086,364.629964037034,127,129,183,300,310,429
1,1001,752.122120386426,363.211295516473,99,128,701,300,800,428
1,1001,587.596756862362,349.774641008108,136,106,519,297,655,403
1,1001,422.101360362763,327.713256868498,142,44,345,304,487,348
1,1001,427.758513931889,376.214035087719,76,79,389,337,465,416
1,1001,428.834146341463,369.085365853659,27,20,416,359,443,379
1,1001,462.373033707865,316.629213483146,24,23,450,305,474,328
1,1001,249.398230088496,411.690265486726,31,8,234,408,265,416
1,1001,266.371633752244,354.183123877917,23,28,254,341,277,369
1,1001,90.775462110612,335.334045216879,103,172,40,248,143,420
1,1001,107.055575096729,189.241294407316,67,46,73,166,140,212
1,1001,104.318691169879,79.5186015239803,138,122,38,19,176,141
1,1001,186.018497275595,502.881560080298,107,102,133,452,240,554
1,1001,536.067988668555,163.90179414542,30,42,521,143,551,185
1,1001,584.181353767561,186.455938697318,46,32,559,172,605,204
1,1001,198.889180672269,536.898109243697,159,143,116,451,275,594
1,1001,679.114848354176,125.944947534857,75,224,638,6,713,230
1,1001,718.010638297872,326.309477756286,49,29,693,312,742,341
1,1001,546.339088560019,366.719990603712,206,111,446,312,652,423
1,1001,758.100678733032,469.702488687783,110,132,690,407,800,539
1,1001,229.288461538462,206.261396011396,41,43,209,183,250,226
1,1001,265.765957446808,278.574468085106,29,14,251,271,280,285
1,1001,102.565157750343,386.098308184728,46,59,80,357,126,416
1,1001,269.64999285408,287.25110761755,101,118,211,228,312,346
1,1001,163.717467760844,369.628761234857,74,56,126,342,200,398
1,1001,138.372120265521,397.853684386679,186,198,45,299,231,497
1,1001,230.795637743006,217.128971076339,43,73,209,183,252,256
1,1001,276.734513274336,221.945132743363,25,34,262,204,287,238
1,1001,207.903964840097,316.037778193379,110,214,150,218,260,432
1,1001,277.799158780231,374.914826498423,43,27,256,361,299,388
1,1001,311.692204301075,202.422043010753,25,38,299,184,324,222
1,1001,315.7625,235.403571428571,35,40,299,216,334,256
1,1001,376.55079006772,274.331828442438,33,25,360,262,393,287
1,1001,438.995509866478,277.551341131986,309,198,306,179,615,377
1,1001,551.468952734013,273.834105653383,56,33,523,257,579,290
1,1001,446.522436666552,187.300983853827,230,211,348,80,578,291
1,1001,422.790352164343,148.88517975055,74,97,384,103,458,200
1,1001,309.803703502776,229.649595833559,343,392,159,40,502,432
1,1001,285.994812369467,115.338139190191,121,161,222,40,343,201
1,1001,202.146271510516,290.141491395793,119,22,139,280,258,302
1,1001,506.777202072539,236.709844559585,38,20,486,228,524,248
1,1001,175.910948905109,100.522627737226,25,41,162,81,187,122
1,1001,465.707981501507,468.374076800957,436,305,239,295,675,600
1,1001,539.896341463415,336.743902439024,47,13,517,331,564,344
1,1001,157.606292559272,313.355286048014,140,497,98,65,238,562
1,1001,476.54641509434,365.623396226415,44,57,452,337,496,394
1,1001,304.487966515521,142.680502267178,91,53,259,113,350,166
1,1001,167.134346357935,106.50820067535,69,80,132,67,201,147
1,1001,227.818571428571,312.907142857143,28,37,212,295,240,332
1,1001,420.898950131234,413.799650043745,178,169,328,337,506,506
1,1001,373.844937959377,341.161700782423,165,138,303,291,468,429
1,1001,454.597568988173,143.995729303548,66,66,422,111,488,177
1,1001,532.491511627907,265.282558139535,181,353,422,111,603,464
1,1001,445.807914628724,320.61049355269,52,59,419,291,471,350
1,1001,41.6044573497247,290.478542876537,92,327,1,130,93,457
1,1001,523.439938398357,108.98819301848,40,57,505,78,545,135
1,1001,269.698107957707,382.396772398442,83,60,224,350,307,410
1,1001,480.75037369207803,22.2361733931241,24,28,469,8,493,36
1,1001,534,21,26,24,521,9,547,33
1,1001,521.490746218203,219.461505957914,150,160,436,132,586,292
1,1001,190.553492916463,494.531998045921,86,73,147,456,233,529
1,1001,267.413131790269,443.631365139348,86,180,221,350,307,530
1,1001,234.068026652277,237.089153743284,305,508,79,66,384,574
1,1001,310.805160204725,419.019070321812,289,203,144,302,433,505
1,1001,173.80273540242,482.333508679642,53,48,147,460,200,508
1,1001,601.317530064755,567.14882053654,158,80,519,520,677,600
1,1001,419.848417098909,554.45394383831194,147,108,348,492,495,600
1,1001,710.161737623226,524.582927093489,160,123,640,469,800,592
1,1001,545.711654552174,466.512935813724,204,155,450,389,654,544
1,1001,548.379485179407,67.2094383775351,69,51,513,43,582,94
1,1001,619.627591136526,27.2562544674768,74,56,583,1,657,57
1,1001,754.244789142026,58.0189045079981,56,57,725,29,781,86
1,1001,622.871928950863,304.857486719788,266,71,499,265,765,336
1,1001,422.84038943797,100.544328071987,91,91,379,59,470,150
1,1001,497.095432098765,522.308518518519,108,105,443,469,551,574
1,1001,374.296430732002,178.110102843315,110,240,305,87,415,327
1,1001,418.878378378378,337.886079628015,51,147,393,266,444,413
1,1001,188.626047364855,388.618750929614,376,388,1,188,377,576
1,1001,387.049597855228,137.655495978552,29,28,373,123,402,151
1,1001,258.86217648893,52.8125974430932,54,74,229,16,283,90
1,1001,527.769934640523,297.392156862745,51,37,502,277,553,314
1,1001,603.412006625921,207.228994116639,220,128,479,159,699,287
1,1001,641.303366198005,465.687766174669,176,131,551,398,727,529
1,1001,585.372307692308,364.610256410256,70,63,554,335,624,398
1,1001,591.369326609315,355.200237318303,180,77,501,318,681,395
1,1001,715.516989897898,306.353627572795,187,132,613,244,800,376
1,1001,194.277777777778,397.244444444444,19,5,185,395,204,400
1,1001,509.555031055901,263.11734989648,92,160,466,186,558,346
1,1001,350.974273345702,231.87804576376,65,249,315,109,380,358
1,1001,355.834394904459,197.863057324841,22,20,345,188,367,208
1,1001,365.900793650794,296.198412698413,25,15,353,288,378,303
1,1001,271.375446109921,179.062812276945,71,36,234,158,305,194
1,1001,356.59588573657,386.15944511762,360,433,186,155,546,588
1,1001,305.850125944584,150.138539042821,64,52,282,133,346,185
1,1001,229.929057888763,206.70242149073,88,87,187,162,275,249
1,1001,346.224856221069,209.442839107869,83,111,302,155,385,266
1,1001,132.565559705259,88.8289088523266,154,252,56,1,210,253
1,1001,347.881444890398,461.014201914171,55,271,317,329,372,600
1,1001,504.317623536133,201.564981433876,58,93,478,167,536,260
1,1001,361.466910086718,560.479141944318,227,189,246,411,473,600
1,1001,547.621776155718,439.666423357664,227,114,440,386,667,500
1,1001,18.7187906976744,361.149860465116,54,580,1,20,55,600
1,1001,615.38963501343,155.604044872808,149,59,541,125,690,184
1,1001,613.489883157595,218.004702194357,93,96,563,172,656,268
1,1001,716.374440451422,156.655759409873,129,201,654,63,783,264
1,1001,770.855482717521,229.882598331347,59,94,741,176,800,270
1,1001,743.478087649402,35.248719408082,57,38,714,15,771,53
1,1001,557.470012239902,244.626376988984,85,71,513,218,598,289
1,1001,439.296530432226,236.923992943252,102,121,388,178,490,299
1,1001,511.742776603242,166.766032417195,82,33,471,154,553,187
1,1001,409.65703022339,132.500657030223,44,39,388,113,432,152
1,1001,405.825945945946,169.666486486486,57,39,377,151,434,190
1,1001,429.898121973747,452.32971815612,344,376,262,224,606,600
1,1001,308.955253469272,307.110167091475,93,44,261,286,354,330
1,1001,618.399367014418,302.273473215332,150,67,541,269,691,336
1,1001,608.850974930362,486.844011142061,53,21,588,477,641,498
1,1001,282.446475195822,448.809399477807,38,16,265,439,303,455
1,1001,226.568463949843,191.270094043887,99,178,174,100,273,278
1,1001,299.585809864634,366.721487474716,107,186,261,286,368,472
1,1001,622.415026172053,391.254238734638,156,245,543,269,699,514
1,1001,472.999382995352,147.727119410966,133,215,403,44,536,259
1,1001,214.351282051282,140.617948717949,60,35,192,126,252,161
1,1001,464.335982879853,89.3732803424029,73,63,424,57,497,120
1,1001,179.25619041909,342.97909047305,306,305,61,202,367,507
1,1001,370.854895167984,487.315073436541,382,111,198,432,580,543
1,1001,304.59528769485,523.116514618203,165,106,219,469,384,575
1,1001,78.526176536816,141.521785633866,167,186,1,48,168,234
1,1001,291.751082070917,65.9671633094723,407,162,93,1,500,163
1,1001,484.335837169857,154.383813908408,134,104,419,113,553,217
1,1001,290.201778110524,436.704524823359,494,360,41,240,535,600
1,1001,436.556925031766,351.090978398984,170,195,344,244,514,439
1,1001,660.573508903669,383.443896159622,287,350,513,214,800,564
1,1001,655.72631769607,431.641007063938,158,190,575,317,733,507
1,1001,690.053452539471,402.733307970325,145,188,613,293,758,481
1,1001,721.614507165838,362.768207078093,164,230,632,236,796,466
1,1001,735.122211319975,141.815998760587,147,300,653,1,800,301
1,1001,204.437571071185,431.599348040331,170,100,120,383,290,483
1,1001,126.537109082747,314.312958252282,117,116,67,256,184,372
1,1001,366.270590629292,377.145546115887,332,330,214,210,546,540
1,1001,392.79479303352,392.855063819635,246,387,270,211,516,598
1,1001,386.580357142857,251.234095982143,69,78,353,211,422,289
1,1001,243.483044266114,38.4944343774269,67,69,210,4,277,73
1,1001,665.17366766681,230.963566223746,111,254,606,113,717,367
1,1001,665.214454976303,132.491706161137,27,39,652,113,679,152
1,1001,305.420219130074,274.813937275665,472,434,114,43,586,477
1,1001,396.009855453351,288.396846254928,40,64,376,257,416,321
1,1001,550.270079435128,93.364960282436,145,49,475,71,620,120
1,1001,57.2572836801752,200.684008762322,181,234,1,116,182,350
1,1001,47.5160599571734,133.148822269807,117,22,1,123,118,145
1,1001,387.264392324094,421.622601279318,75,14,338,414,413,428
1,1001,303.747197936076,151.621642539774,203,222,212,43,415,265
1,1001,575.854824419233,406.547595894111,292,232,428,296,720,528
1,1001,694.951362126246,302.041528239203,233,129,567,240,800,369
1,1001,14.0738007380074,105.905289052891,28,41,1,81,29,122
1,1001,292.215487035739,317.446040644709,55,75,266,280,321,355
1,1001,321.527884236541,260.71463877646,265,290,191,107,456,397
1,1001,557.188500563698,516.221195039459,297,42,400,493,697,535
1,1001,659.702583258799,291.642605355921,198,125,566,230,764,355
1,1001,487.256644270678,516.695383980371,655,104,145,464,800,568
1,1001,191.444444444444,533.044019815994,109,170,140,430,249,600
1,1001,729.58567632945994,123.419240988222,173,197,627,16,800,213
1,1001,79.9953611663353,148.621198733525,184,223,1,22,185,245
1,1001,243.388374955002,273.198184999456,430,599,47,1,477,600
1,1001,380.062130909862,96.0210757098907,192,215,285,1,477,216
1,1001,477.996694214876,300.623140495868,123,37,396,276,519,313
1,1001,421.413864674139,383.478621834786,212,63,317,352,529,415
1,1001,636.384592655129,493.789573659772,311,178,489,422,800,600
1,1001,658.155610861959,359.603506480706,354,421,446,179,800,600
1,1001,577.728899105492,258.786567387937,178,168,495,179,673,347
1,1001,531.775595238095,463.568650793651,97,80,489,427,586,507
1,1001,123.49354324432,92.5794938222399,341,240,1,1,342,241
1,1001,538.062096559082,473.113070152041,387,300,350,300,737,600
1,1001,655.083849331078,229.840641990723,390,599,410,1,800,600
1,1001,514.220934444042,246.222564288301,109,99,459,191,568,290
1,1001,344.583221128949,458.133661315381,122,236,277,326,399,562
1,1001,210.204643064423,307.387599148772,214,385,94,110,308,495
1,1001,321.36811128946,268.025147137507,48,54,298,244,346,298
1,1001,98.4507426079847,25.4985692873689,161,57,15,1,176,58
1,1001,498.720379490151,106.647885283893,192,210,410,10,602,220
1,1001,506.118285052144,415.444820393975,232,238,384,300,616,538
1,1001,128.992823894492,246.665524523748,265,377,1,59,266,436
1,1001,653.485945127083,200.41777478539,104,81,601,161,705,242
1,1001,431.905213270142,193.632927104491,112,112,377,138,489,250
1,1001,120.833982852689,194.559820732658,222,217,7,76,229,293
1,1001,134.155323450135,305.692722371968,220,54,10,273,230,327
1,1001,70.6568778979907,390.855486862442,95,25,21,379,116,404
1,1001,179.358768406961,334.298527443106,47,22,152,325,199,347
1,1001,167.219951752519,458.025117071094,160,69,94,427,254,496
1,1001,374.604508196721,508.426741803279,52,47,349,485,401,532
1,1001,569.67416378316,527.863898500577,75,65,529,497,604,562
1,1001,477.837378536878,325.286010872822,252,343,370,138,622,481
1,1001,681.822286878091,318.692260692464,205,309,588,161,793,470
1,1001,569.67416378316,527.863898500577,75,65,529,497,604,562
1,1001,333.759941179146,368.093946606431,400,512,153,72,553,584
1,1001,410.310711994868,227.440667094291,163,149,349,174,512,323
1,1001,303.58614402917,396.570951078699,72,59,268,367,340,426
1,1001,302.568674585219,163.906202865762,149,194,234,72,383,266
1,1001,454.582448581833,311.659127045186,225,182,327,215,552,397
1,1001,65.2390035033087,255.735500194628,93,79,16,210,109,289
1,1001,166.064248646209,303.16657265343,244,228,37,182,281,410
1,1001,481.669991101883,328.4577710218,295,206,333,216,628,422
1,1001,101.658748054753,421.205386349922,269,339,1,194,270,533
1,1001,688.894818742436,135.087141951473,146,178,626,58,772,236
1,1001,171.168259626909,142.278066320415,394,178,1,72,395,250
1,1001,554.908044064299,228.548507338503,419,213,328,145,747,358
1,1001,498.382059633336,444.635484520852,577,213,207,326,784,539
1,1001,554.768215158924,341.823960880196,34,112,532,287,566,399
1,1001,400.654207650273,500.035846994536,46,142,378,433,424,575
1,1001,218.670292670293,197.99740999741,66,88,191,157,257,245
1,1001,140.396651641983,209.654217643271,40,106,122,153,162,259
1,1001,174.482330380787,250.530484278452,308,219,23,143,331,362
1,1001,644.390600742047,324.136989185064,326,264,474,163,800,427
1,1001,765.308170515098,313.401598579041,79,97,721,263,800,360
1,1001,86.493339676498607,579.391849032667,160,55,1,545,161,600
1,1001,104.585434173669,536.064425770308,91,57,57,508,148,565
1,1001,676.968405024743,304.479253901789,48,128,655,247,703,375
1,1001,13.7786499215071,155.336734693878,30,53,1,129,31,182
1,1001,241.11660130719,239.933202614379,131,182,161,146,292,328
1,1001,64.6066945606695,197.748193229365,84,90,23,154,107,244
1,1001,355.580936940012,272.498506698524,89,175,310,183,399,358
1,1001,459.636393713813,299.629900744417,177,198,379,191,556,389
1,1001,478.166258312916,192.861393069653,149,45,400,174,549,219
1,1001,205.308287649145,479.286359238955,189,220,112,364,301,584
1,1001,713.924392747178,582.065685939104,96,43,664,557,760,600
1,1001,259.748772358846,262.856785059262,276,380,108,69,384,449
1,1001,282.998368891499,147.8779930841,118,172,226,69,344,241
1,1001,267.686073059361,358.31456113647903,136,154,190,283,326,437
1,1001,596.779339317557,335.42129839514,484,347,278,166,762,513
1,1001,624.789899754114,265.348401740117,189,202,529,166,718,368
1,1001,590.034863945578,494.78656462585,42,39,572,473,614,512
1,1001,597.388211382114,403.149644308943,131,74,532,365,663,439
1,1001,251.819936958235,319.124113475177,61,56,221,292,282,348
1,1001,422.928738317757,458.108060747664,50,40,400,439,450,479
1,1001,532.712497941709,487.801580767331,84,94,491,437,575,531
1,1001,671.061405556853,528.486574830726,129,105,608,477,737,582
1,1001,614.893123873294,499.238217872779,68,70,581,464,649,534
1,1001,406.700267722035,322.241275753696,253,508,314,36,567,544
1,1001,416.499264345267,194.716282491417,69,87,379,155,448,242
1,1001,405.410714285714,360.065476190476,13,14,399,353,412,367
1,1001,337.539682539683,254.632936507937,24,45,325,232,349,277
1,1001,266.59773363622,299.119921813091,384,438,92,85,476,523
1,1001,300.959222252228,122.033486362409,67,74,265,85,332,159
1,1001,216.491768815292,218.712700928232,173,191,128,126,301,317
1,1001,603.929254614421,171.941795676873,310,288,462,41,772,329
1,1001,232.76874902754,533.128248016182,254,143,104,457,358,600
1,1001,358.210714285714,178.192142857143,94,34,310,160,404,194
1,1001,65.6835050747656,294.807236383358,147,249,1,185,148,434
1,1001,354.082343234323,233.553300330033,94,76,307,198,401,274
1,1001,206.705168198297,395.163898490852,183,82,115,354,298,436
1,1001,36.9664698037721,565.305010478186,79,73,1,527,80,600
1,1001,411.517256637168,397.140707964602,145,63,303,370,448,433
1,1001,371.202741702742,305.053391053391,117,56,310,275,427,331
1,1001,363.852804723745,214.097110923661,135,152,297,141,432,293
1,1001,268.124767873723,506.020194986072,200,247,177,344,377,591
1,1001,588.583811127501,346.892426730496,460,559,303,41,763,600
1,1001,641.741654002647,284.38536202755,250,360,496,129,746,489
1,1001,546.865739130435,195.082608695652,101,121,496,130,597,251
1,1001,188.921235061455,433.270616254838,304,284,46,296,350,580
1,1001,234.375174337517,324.127382612738,50,54,209,296,259,350
1,1001,444.458115183246,285.349040139616,152,107,351,242,503,349
1,1001,289.708399646331,459.59133510168,89,122,247,398,336,520
1,1001,392.344768439108,7.02401372212693,55,19,358,1,413,20
1,1001,164.131386861314,136.766423357664,20,12,154,131,174,143
1,1001,419.340669856459,435.47043062201,396,271,307,262,703,533
1,1001,580.359798907862,522.700615411285,216,147,513,453,729,600
1,1001,570.014750360616,174.485598622679,128,288,504,22,632,310
1,1001,610.859102244389,33.1695760598504,44,23,588,22,632,45
1,1001,284.318559482061,220.382390072835,562,526,1,1,563,527
1,1001,321.671946857435,82.4915687276443,232,105,213,28,445,133
1,1001,455.524137931034,232.137931034483,26,11,442,227,468,238
1,1001,570.192845567493,275.233299321769,126,435,522,1,648,436
1,1001,254.413324062405,457.256824996741,612,331,1,269,613,600
1,1001,124.064527889172,391.135087661154,241,179,18,300,259,479
1,1001,44.1775136941788,148.204902051806,102,227,1,1,103,228
1,1001,615.312926656108,512.545109497024,306,161,454,437,760,598
1,1001,338.606617017634,537.627161444958,226,135,225,465,451,600
1,1001,367.826287784445,310.778223706555,633,544,37,16,670,560
1,1001,391.640320296329,187.482568907288,288,368,260,17,548,385
1,1001,331.534886946872,474.292828408933,277,104,200,433,477,537
1,1001,344.17077309868,247.723130106851,107,307,288,100,395,407
1,1001,542.676543209877,8.64444444444444,27,18,530,1,557,19
1,1001,193.333333333333,155.153535353535,26,23,180,145,206,168
1,1001,178.076433121019,116.290870488323,21,27,167,103,188,130
1,1001,267.115107913669,147.659472422062,18,25,258,135,276,160
1,1001,356.479402677652,170.386199794027,69,135,323,102,392,237
1,1001,527.109740315762,114.925373134328,95,270,476,1,571,271
1,1001,214.947672023074,174.852904820766,71,62,180,145,251,207
1,1001,280.616448326055,218.202328966521,61,40,249,195,310,235
1,1001,261.215776081425,189.945038167939,102,95,200,135,302,230
1,1001,173.264331833301,164.571903737038,88,117,136,103,224,220
1,1001,405.032388663968,262.624936740891,105,163,354,181,459,344
1,1001,413.606936416185,213.992292870906,20,30,403,199,423,229
1,1001,67.521771960735,395.365215202618,45,158,45,315,90,473
1,1001,49.0321022727273,481.218181818182,114,91,1,449,115,540
1,1001,675.531219732679,411.522599599664,274,179,526,331,800,510
1,1001,566.509704811969,508.51168621108,202,167,465,432,667,599
1,1001,285.07670855629,521.596883551496,448,198,110,402,558,600
1,1001,191.80223880597,87.0379547574627,248,209,67,1,315,210
1,1001,479.296616619387,559.046357157683,663,126,89,474,752,600
1,1001,551.605216197666,546.508510638298,254,119,414,481,668,600
1,1001,414.595049254862,349.782571356403,253,275,309,219,562,494
1,1001,347.467908902692,241.380262249827,42,45,324,219,366,264
1,1001,194.761362063397,443.74776603762,404,249,7,324,411,573
1,1001,641.36036036036,460.468468468468,39,10,623,455,662,465
1,1001,388.3599677159,10.0847457627119,164,27,287,1,451,28
1,1001,497.652495240004,159.729431806794,184,387,428,1,612,388
1,1001,633.443997905485,235.736771828773,336,409,464,44,800,453
1,1001,739.42767938238,477.960603996367,137,161,663,407,800,568
1,1001,582.093774750515,462.203865040393,163,51,502,437,665,488
1,1001,99.90698752963,472.419200247346,189,176,1,395,190,571
1,1001,152.162494510321,430.774923144488,78,84,110,395,188,479
1,1001,557.623738429925,399.906839300977,278,400,406,200,684,600
1,1001,599.004523216099,267.179543985969,110,138,546,200,656,338
1,1001,687.239085477941,327.226165608289,368,569,432,31,800,600
1,1001,616.812509161984,120.21172733936,150,183,540,31,690,214
1,1001,152.728916491759,419.778051130303,289,388,14,212,303,600
1,1001,613.266568029098,427.596849762653,335,393,446,207,781,600
1,1001,317.775583482944,202.729802513465,33,40,301,184,334,224
1,1001,423.176255707763,201.695890410959,32,40,407,183,439,223
1,1001,380.508800521512,479.770534550196,66,56,348,451,414,507
1,1001,544.193648403242,328.865261106436,165,360,458,154,623,514
1,1001,560.056293979672,191.020328381548,87,69,513,154,600,223
1,1001,276.677215189873,227.177215189873,25,37,260,206,285,243
1,1001,145.306150592994,311.260457846833,243,428,31,110,274,538
1,1001,181.532258064516,142.236436950147,52,69,156,110,208,179
1,1001,187.283575742111,426.028323551927,118,284,155,280,273,564
1,1001,492.454615102761,522.75267312881,408,262,307,338,715,600
1,1001,517.040080540992,304.571005242763,164,323,433,151,597,474
1,1001,725.32852365618,331.571866485014,138,454,647,105,785,559
1,1001,719.432692307692,130.994963369963,56,53,694,105,750,158
1,1001,476.078789893617,183.432513297872,60,68,446,151,506,219
1,1001,540.325898144493,445.0296091591,197,194,408,335,605,529
1,1001,173.444444444444,231.800925925926,19,14,164,225,183,239
1,1001,369.690962099125,152.69387755102,35,79,350,121,385,200
1,1001,467.379182156134,240.724907063197,30,13,455,235,485,248
1,1001,450.379972565158,310.368998628258,50,46,427,286,477,332
1,1001,734.172447229059,102.034683374357,133,105,667,48,800,153
1,1001,162.985922139206,295.705859221392,167,262,57,169,224,431
1,1001,189.751740139211,188.522041763341,27,43,176,169,203,212
1,1001,566.636142122984,288.059232677654,181,364,473,112,654,476
1,1001,547.218343195266,135.789349112426,47,52,521,112,568,164
1,1001,302.56358450202,295.087473258854,99,131,235,232,334,363
1,1001,32.9290788469442,288.152997123231,72,371,1,106,73,477
1,1001,153.015609336961,582.195904339109,245,58,1,542,246,600
1,1001,755.552146656535,339.66524189463,99,579,701,15,800,594
1,1001,222.735294117647,313.271008403361,29,68,205,270,234,338
1,1001,237.990243902439,158.819512195122,13,80,231,127,244,207
1,1001,670.45903747901,420.926780759108,304,432,486,168,790,600
1,1001,541.409172126266,320.731983323407,61,42,511,301,572,343
1,1001,461.68201371152,96.1143298830488,233,113,330,33,563,146
1,1001,505.058019760353,280.589447130544,87,85,465,239,552,324
1,1001,417.954012200845,290.545753167527,60,65,395,260,455,325
1,1001,324.179889795749,227.806106806977,166,174,241,146,407,320
1,1001,115.383321141185,44.1301076392517,154,78,40,1,194,79
1,1001,427.628525811602,484.913961326947,148,129,322,427,470,556
1,1001,227.929775621589,32.8824742268041,164,73,134,1,298,74
1,1001,182.775216365067,221.726593233674,132,127,116,153,248,280
1,1001,703.643418733903,237.952758573946,136,144,632,168,768,312
1,1001,224.125808193037,395.350219075239,459,440,41,153,500,593
1,1001,111.428321781885,489.123600497601,316,332,1,268,317,600
1,1001,451.699981706202,366.924629550582,244,118,315,312,559,430
1,1001,137.191563076709,449.049670949546,248,359,21,241,269,600
1,1001,146.192410588567,310.966206702337,135,152,78,238,213,390
1,1001,243.055423969683,432.284699194694,67,182,209,352,276,534
1,1001,661.738423698,378.222033019916,429,536,371,64,800,600
1,1001,693.696752315117,149.563671144733,177,181,612,64,789,245
1,1001,490.364375674703,263.985822238215,267,509,351,41,618,550
1,1001,153.097147039539,465.979399521203,243,270,31,330,274,600
1,1001,772.369422092173,477.390636430139,31,50,756,452,787,502
1,1001,705.321160042965,487.816326530612,34,31,688,473,722,504
1,1001,592.09941089838,416.930780559647,21,96,581,367,602,463
1,1001,252.128942486085,258.700371057514,75,131,228,191,303,322
1,1001,328.076424385987,50.7812616880688,160,111,247,1,407,112
1,1001,611.32631386193,252.458035768785,120,161,553,176,673,337
1,1001,689.447755960729,326.171809256662,113,137,624,271,737,408
1,1001,421.340800663763,438.786973656918,36,163,402,349,438,512
1,1001,140.723805646037,235.900651465798,112,95,95,198,207,293
1,1001,282.22624695937,256.7917921052,381,317,33,87,414,404
1,1001,305.080454096742,152.813030602172,94,136,260,87,354,223
1,1001,687.718344928598,397.579714390333,242,233,555,271,797,504
1,1001,280.675968605955,284.912918898717,150,81,203,242,353,323
1,1001,129.226591893235,460.191169163058,194,234,55,362,249,596
1,1001,620.22466442953,485.741946308725,149,44,548,463,697,507
1,1001,322.522346768022,209.326569739575,444,289,100,65,544,354
1,1001,317.428093645485,321.648829431438,49,15,296,315,345,330
1,1001,186.060354583176,189.546963410034,105,28,137,177,242,205
1,1001,452.290065604499,189.190253045923,100,23,401,177,501,200
1,1001,592.874749280111,418.816760996922,324,218,413,297,737,515
1,1001,323.831632653061,221.856930272109,124,111,261,171,385,282
1,1001,653.509931547976,304.236880028822,362,599,438,1,800,600
1,1001,471.805695847363,195.945777216611,317,266,373,1,690,267
1,1001,291.468463359655,385.814040857989,312,406,133,194,445,600
1,1001,57.3751939643641,301.378671946065,123,200,1,209,124,409
1,1001,303.231786515527,189.535482347385,152,92,234,152,386,244
1,1001,344.313679502564,271.029944365659,239,158,207,194,446,352
1,1001,185.661771220982,384.692805245437,659,522,1,78,660,600
1,1001,103.658509402196,295.635318109601,241,439,1,78,242,517
1,1001,713.278967687345,461.40480723465,182,293,617,307,799,600
1,1001,370.112802749937,338.729819963387,510,575,157,25,667,600
1,1001,308.398623187224,206.186375426176,269,350,157,27,426,377
1,1001,384.596150286878,517.564501203035,136,48,320,493,456,541
1,1001,718.564263322884,355.887147335423,24,62,708,326,732,388
1,1001,213.477040816327,168.288994169096,63,51,181,143,244,194
1,1001,683.254117230388,409.107490703028,128,103,615,364,743,467
1,1001,634.898780487805,383.530487804878,37,34,615,364,652,398
1,1001,352.896483180428,447.505318916557,346,390,173,210,519,600
1,1001,351.256679607216,316.424069422242,95,77,314,273,409,350
1,1001,618.765826275999,464.714494305461,353,307,447,293,800,600
1,1001,521.634788131748,343.501043462481,155,99,447,293,602,392
1,1001,194.647234247234,273.24733044733,103,126,141,215,244,341
1,1001,389.002656042497,278.130146082337,116,27,325,264,441,291
1,1001,208.814001459009,519.522526601766,281,187,72,413,353,600
1,1001,84.6265990827902,139.337436640116,66,159,54,66,120,225
1,1001,98.4347855272874,387.534134389474,139,143,26,323,165,466
1,1001,647.391648710034,224.717614970978,367,463,433,1,800,464
1,1001,659.221451590304,87.0393722852739,192,199,572,1,764,200
1,1001,113.66385602819,228.210546186761,92,112,65,177,157,289
1,1001,269.628391340093,255.00383666758,83,88,237,216,320,304
1,1001,447.58956824886,353.180656118709,241,126,333,291,574,417
1,1001,468.214250614251,346.588042588043,108,78,419,305,527,383
1,1001,567.095624761177,465.293131448223,241,141,445,394,686,535
1,1001,188.216613298173,94.4046901488039,170,80,108,56,278,136
1,1001,498.837309571716,181.237424547284,64,71,466,144,530,215
1,1001,547.140601874692,526.661568820918,124,23,485,516,609,539
1,1001,561.386564449064,140.087967775468,229,204,429,37,658,241
1,1001,572.867144604023,418.928764955523,306,292,426,276,732,568
1,1001,295.643812772409,375.891680879287,154,201,209,272,363,473
1,1001,231.867996155694,304.522248918789,375,362,55,129,430,491
1,1001,266.442881543253,369.162993341432,288,558,123,42,411,600
1,1001,308.703718566078,124.694489031568,96,106,263,71,359,177
1,1001,644.126362904436,285.888170194184,226,330,532,119,758,449
1,1001,643.221398795739,340.605064072873,169,43,558,320,727,363
1,1001,569.026315789474,384.342105263158,24,26,557,371,581,397
1,1001,643.289308176101,294.672955974843,49,47,619,271,668,318
1,1001,607.770618556701,166.667525773196,69,13,574,160,643,173
1,1001,594.730855018587,251.315241635688,46,41,573,229,619,270
1,1001,666.452476572959,216.578313253012,31,33,652,201,683,234
1,1001,242.447741083223,226.909599295465,440,387,1,34,441,421
1,1001,123.438396237238,389.903923368131,179,198,39,308,218,506
1,1001,187.068899521531,496.866985645933,27,64,172,465,199,529
1,1001,652.82603435761,393.187757077184,85,64,611,367,696,431
1,1001,768.955950797872,161.830618351064,64,421,736,1,800,422
1,1001,130.205848529653,391.211598488582,155,54,54,366,209,420
1,1001,508.934485653236,159.36320970696,139,270,439,21,578,291
1,1001,283.486825819435,377.692207688129,334,363,123,191,457,554
1,1001,259.003030111735,342.91370494287,156,184,186,252,342,436
1,1001,578.240441859665,400.809869575691,246,291,457,255,703,546
1,1001,243.607022282242,164.783929777178,41,53,224,141,265,194
1,1001,600.811868686869,236.084741647242,177,349,516,106,693,455
1,1001,601.585173501577,207.16403785489,74,69,572,170,646,239
1,1001,272.703423509696,284.936557337802,269,393,153,85,422,478
1,1001,601.814324795429,175.116871640924,443,258,357,40,800,298
1,1001,376.698834590792,441.309893650246,280,264,235,312,515,576
1,1001,638.432321575062,490.430735575608,276,234,502,366,778,600
1,1001,73.0753148388832,405.130125935553,186,357,1,217,187,574
1,1001,197.102084831057,165.359304423314,411,306,1,43,412,349
1,1001,384.477733716213,427.690049683213,240,200,263,342,503,542
1,1001,651.104572495043,488.159920681208,243,227,527,373,770,600
1,1001,175.845436594998,321.892277314612,94,124,127,261,221,385
1,1001,257.921387283237,281.876685934489,32,108,242,226,274,334
1,1001,501.981308411215,558.654672897196,111,89,447,511,558,600
1,1001,143.359470124014,531.22412626832,141,149,73,451,214,600
1,1001,293.173185444639,471.991827203736,153,128,216,409,369,537
1,1001,632.20921342808094,243.909041901495,136,224,572,138,708,362
1,1001,377.73605083695,225.029603223807,124,132,320,156,444,288
1,1001,505.814165417003,366.140500634445,127,121,443,306,570,427
1,1001,700.732200772201,89.9338223938224,206,159,594,1,800,160
1,1001,327.73373631187,301.203539202803,219,569,198,6,417,575
1,1001,475.856306387047,528.924598195615,160,122,396,470,556,592
1,1001,617.793020805355,313.683374310448,266,503,450,97,716,600
1,1001,575.392419728567,144.061238000662,92,95,529,98,621,193
1,1001,316.867976615784,78.1992530042221,87,94,270,30,357,124
1,1001,270.452554744526,23.036496350365,47,37,253,6,300,43
1,1001,460.287726358149,263.611670020121,52,48,438,240,490,288
1,1001,161.099398493236,334.681341300134,532,305,1,119,533,424
1,1001,572.711281641226,348.626845365254,247,554,447,46,694,600
1,1001,282.321866096866,170.278062678063,120,155,221,96,341,251
1,1001,301.92579891899,387.690458694623,309,504,129,96,438,600
1,1001,535.352304761905,118.560914285714,134,144,469,52,603,196
1,1001,401.483843088299,377.427377922889,289,209,220,294,509,503
1,1001,538.624846122281,188.356996306935,107,122,489,127,596,249
1,1001,333.250345065562,388.328502415459,135,75,262,352,397,427
1,1001,527.596272060282,425.861392028554,151,73,446,381,597,454
1,1001,586.09765625,286.328125,21,14,576,279,597,293
1,1001,609.70996978852,307.631419939577,52,12,577,301,629,313
1,1001,544.50447691642,362.46425123989,217,473,433,127,650,600
1,1001,346.17767085966,49.1148918903252,178,109,253,1,431,110
1,1001,222.947700701481,152.540062353858,133,134,154,90,287,224
1,1001,262.380109076582,464.003483814777,235,314,167,286,402,600
1,1001,227.825219231932,354.626171756879,119,151,169,287,288,438
1,1001,202.326887427309,358.12629828081,452,510,37,90,489,600
1,1001,254.009871280162,269.978726046107,375,177,86,179,461,356
1,1001,299.190797833211,299.305891794289,212,118,206,234,418,352
1,1001,678.84791035309,323.66459933751503,227,137,573,247,800,384
1,1001,237.161090241985,142.973093386914,166,115,155,79,321,194
1,1001,601.671388101983,383.218130311615,52,16,570,377,622,393
1,1001,747.066462167689,235.315950920245,63,20,716,225,779,245
1,1001,777.432394366197,217.289436619718,54,34,746,202,800,236
1,1001,384.791598116526,399.955607874284,277,200,258,300,535,500
1,1001,520.263196911197,81.1130193050193,265,169,385,1,650,170
1,1001,541.971193288477,293.10484437886703,447,599,289,1,736,600
1,1001,575.956925675676,315.625,65,34,545,296,610,330
1,1001,200.878730550944,369.423999073395,149,288,128,223,277,511
1,1001,278.140560404226,267.610932475884,37,81,259,225,296,306
1,1001,509.877164995442,134.56130355515,54,114,480,76,534,190
1,1001,88.6519866235901,307.699370855297,106,301,39,165,145,466
1,1001,95.6621900826446,190.750516528926,52,54,70,165,122,219
1,1001,217.34328358209,242.254609306409,36,39,199,223,235,262
1,1001,549.847619047619,167.806926406926,51,63,525,139,576,202
1,1001,518.366379310345,270.809584178499,49,115,494,209,543,324
1,1001,433.122023260107,151.469078825918,57,136,404,82,461,218
1,1001,183.064565718678,189.457340507302,36,50,166,161,202,211
1,1001,41.7974683544304,208.181735985533,25,58,30,178,55,236
1,1001,570.495231204368,292.620732750115,118,310,525,139,643,449
1,1001,293.826175971237,61.113352641566,607,157,1,1,608,158
1,1001,270.957375679064,176.587964897618,38,87,252,130,290,217
1,1001,300.417768344451,438.042874469375,316,342,155,245,471,587
1,1001,76.8892491505474,181.933887050567,191,345,1,1,192,346
1,1001,61.8927686415859,30.9497634602388,86,72,23,1,109,73
1,1001,755.468427095293,123.768789190144,143,148,657,40,800,188
1,1001,774.42773800053,81.7695571466455,58,79,742,41,800,120
1,1001,539.553136478362,109.550838241028,251,269,419,1,670,270
1,1001,469.987865168539,553.379807383628,360,130,302,470,662,600
1,1001,551.985507246377,287.951846657316,55,73,525,247,580,320
1,1001,526.018649729117,309.339283076586,697,584,103,1,800,585
1,1001,325.155729429581,411.107016658253,81,80,280,374,361,454
1,1001,107.546178702938,500.160066130608,80,227,69,373,149,600
1,1001,630.297973778308,51.2443384982122,91,68,588,14,679,82
1,1001,374.480536312849,272.810636871508,142,464,304,136,446,600
1,1001,120.65821812596,404.77688172043,63,61,86,373,149,434
1,1001,449.464071856287,234.900598802395,48,44,423,214,471,258
1,1001,444.580753933944,309.984264222722,126,251,366,197,492,448
1,1001,111.309973969037,195.380942594876,178,166,27,116,205,282
1,1001,100.956154062988,355.088870666017,169,529,27,71,196,600
1,1001,97.0936927505889,102.131640931693,81,64,57,71,138,135
1,1001,415.569960738451,423.815721326539,200,169,315,316,515,485
1,1001,483.292551087673,265.259195781147,146,107,389,216,535,323
1,1001,402.328952585963,230.199286240299,267,107,273,178,540,285
1,1001,645.1462618143,199.054699029736,208,204,540,101,748,305
1,1001,501.762867716834,337.978060353008,571,453,179,101,750,554
1,1001,196.786006899526,180.057190599396,199,223,109,71,308,294
1,1001,40.4656936755578,44.0868981714477,83,93,1,1,84,94
1,1001,681.587409935533,39.2169131588927,62,55,651,11,713,66
1,1001,469.736818553251,326.535974162419,245,500,375,97,620,597
1,1001,415.695895121427,148.669245647969,84,75,375,113,459,188
1,1001,317.217200526547,290.24221149627,47,61,293,259,340,320
1,1001,301.800353056998,450.032046712157,209,341,194,259,403,600
1,1001,564.785269709544,302.320020746888,77,74,518,266,595,340
1,1001,375.955310504933,345.641903656413,91,48,333,321,424,369
1,1001,286.956449661723,383.039652314172,232,217,163,275,395,492
1,1001,106.152739752439,364.472255427448,202,227,13,237,215,464
1,1001,58.934092634776,290.767957479119,87,139,21,237,108,376
1,1001,290.974856433339,330.865435356201,82,108,247,280,329,388
1,1001,171.806689716794,424.051474301698,178,218,83,314,261,532
1,1001,225.880468652624,202.543562258507,95,115,182,151,277,266
1,1001,521.938751490561,385.700943118641,483,564,303,36,786,600
1,1001,187.448781261776,407.685369191408,330,449,1,151,331,600
1,1001,515.263327832389,110.788620219559,117,154,457,36,574,190
1,1001,175.919696215139,376.499003984064,141,108,112,317,253,425
1,1001,151.319020581973,494.632363378282,132,47,86,470,218,517
1,1001,453.79020085642,266.981877972036,217,305,341,86,558,391
1,1001,464.606982640921,130.668422079189,72,88,431,89,503,177
1,1001,250.352584670232,107.375579322638,94,59,204,78,298,137
1,1001,646.837047029818,345.525887333116,151,214,575,237,726,451
1,1001,440.61024725975,408.939332143768,65,75,409,371,474,446
1,1001,355.760064412238,415.181964573269,55,57,328,386,383,443
1,1001,64.5679446888749,403.025392834695,108,101,6,349,114,450
1,1001,248.361656703672,406.824081981213,153,54,174,382,327,436
1,1001,82.0426666666667,238.082574712644,154,98,18,192,172,290
1,1001,454.987262079063,70.0606149341142,78,121,417,11,495,132
1,1001,453.550012668982,281.892328558866,206,591,349,9,555,600
1,1001,175.953562263229,265.39019919345,98,117,124,210,222,327
1,1001,357.800911427904,529.739214769806,443,167,116,433,559,600
1,1001,179.332400646057,409.202438636002,326,390,78,210,404,600
1,1001,336.217699115044,541.856637168142,50,38,311,525,361,563
1,1001,406.611664295875,516.773826458037,48,31,384,501,432,532
1,1001,83.213153961136,114.881165919283,83,102,42,64,125,166
1,1001,264.457403720739,57.2840667261619,150,135,181,1,331,136
1,1001,632.867828912274,126.216599582949,350,305,450,1,800,306
1,1001,279.455651577075,300.23052444389,336,599,146,1,482,600
1,1001,95.9260448572276,273.133954154728,158,500,6,64,164,564
1,1001,102.548337791364,398.574703859381,72,55,64,372,136,427
1,1001,615.94013987932,310.600134197947,465,599,335,1,800,600
1,1001,415.229171555973,406.861886881014,166,258,326,269,492,527
1,1001,682.249241658241,94.7450707785642,86,113,640,41,726,154
1,1001,600.48036493455,210.406584688616,54,57,575,182,629,239
1,1001,380.921790875602,276.188722017569,82,43,340,255,422,298
1,1001,169.216066850884,327.637513733063,134,285,104,199,238,484
1,1001,39.5679172056921,283.244501940492,33,23,23,272,56,295
1,1001,676.272289741649,341.186544036789,240,559,558,41,798,600
1,1001,612.688055755828,282.71337018345,141,219,530,182,671,401
1,1001,123.266003028253,249.389549305757,160,500,50,100,210,600
1,1001,629.11660929432,407.67900172117,68,60,598,379,666,439
1,1001,672.604904632153,417.212534059945,53,65,642,381,695,446
1,1001,139.507614213198,150.216920473773,118,79,83,115,201,194
1,1001,651.181578947368,392.523684210526,25,22,641,382,666,404
1,1001,675.991071428571,388.044642857143,18,16,666,381,684,397
1,1001,123.189582920622,130.060420889018,266,352,1,1,267,353
1,1001,189.366427984874,306.520950473092,527,599,1,1,528,600
1,1001,642.210498523078,397.557335929636,431,457,369,143,800,600
1,1001,499.114221673299,299.381821508623,200,259,407,207,607,466
1,1001,460.918482080112,323.784961349262,57,31,433,308,490,339
1,1001,108.834872351983,182.684682237914,105,135,63,124,168,259
1,1001,101.477149403111,417.785240564331,145,72,28,384,173,456
1,1001,461.836387096774,224.075225806452,92,119,415,165,507,284
1,1001,445.725863956655,312.899525560765,242,247,316,165,558,412
1,1001,527.449005644678,459.618207545719,604,157,196,383,800,540
1,1001,674.844670927621,334.575194334082,255,140,545,267,800,407
1,1001,269.235087719298,282.47643618851,63,572,233,1,296,573
1,1001,154.766187845304,124.48861878453,65,121,119,61,184,182
1,1001,474.52371541502,132.461225296443,187,267,371,1,558,268
1,1001,348.854310382706,401.667658948108,334,343,183,230,517,573
1,1001,496.38668699187,296.339145071138,244,436,364,79,608,515
1,1001,468.029598772199,149.943871957904,85,69,425,115,510,184
1,1001,215.833773087071,106.653034300792,30,33,201,90,231,123
1,1001,204.354013705335,217.65259422418,107,187,162,124,269,311
1,1001,221.760372394252,175.439384739931,108,182,159,93,267,275
1,1001,576.640933572711,104.418312387792,28,58,563,79,591,137
1,1001,83.1906566311965,59.2843498572541,163,119,1,1,164,120
1,1001,200.639783861348,372.395910405596,292,243,35,246,327,489
1,1001,236.907320652481,330.553197493932,172,175,155,253,327,428
1,1001,495.836385192992,114.304505335265,150,188,424,37,574,225
1,1001,442.10836677987,195.459401049707,75,71,404,154,479,225
1,1001,499.92597617006,341.779925003519,239,563,379,37,618,600
1,1001,487.946909344653,283.800023259871,167,311,414,144,581,455
1,1001,484.588239993609,308.508907885276,136,271,410,191,546,462
1,1001,274.991228070175,389.900036549708,126,95,203,351,329,446
1,1001,484.739507959479,206.979739507959,27,33,472,191,499,224
1,1001,222.93108974359,363.328525641026,36,24,203,351,239,375
1,1001,284.063691376702,99.9515885022693,441,159,1,1,442,160
1,1001,626.759410801964,137.744680851064,48,18,606,127,654,145
1,1001,706.798562529947,268.262961188309,197,221,603,161,800,382
1,1001,232.459929387647,102.832618351619,174,214,140,4,314,218
1,1001,485.529270248597,483.052659716653,71,71,452,449,523,520
1,1001,115.291499777481,365.934801958166,89,73,66,330,155,403
1,1001,148.673015818638,278.27253963224,316,542,1,4,317,546
1,1001,594.942206750252,427.653444477685,484,439,316,161,800,600
1,1001,243.047476059081,182.673997727642,215,257,142,69,357,326
1,1001,471.716821751468,267.874777271827,255,283,345,126,600,409
1,1001,234.256684250868,384.413273817575,566,531,1,69,567,600
1,1001,170.209587295363,380.088651439401,244,338,33,262,277,600
1,1001,147.444254445964,303.761114911081,193,65,55,274,248,339
1,1001,383.703136396791,72.3114514952589,64,36,350,56,414,92
1,1001,424.395098606026,216.011016894713,114,401,365,21,479,422
1,1001,425.538940809969,49.9964396973743,56,65,399,21,455,86
1,1001,171.041675753911,169.380395344687,243,288,42,33,285,321
1,1001,652.506922668725,169.573206618747,217,257,548,47,765,304
1,1001,191.969313466747,340.789101085458,398,567,1,33,399,600
1,1001,627.979963258469,304.576058570322,388,452,412,45,800,497
1,1001,244.81171950048,481.374639769452,57,25,216,468,273,493
1,1001,402.124463062232,513.968298484149,799,85,1,465,800,550
1,1001,216.539771092072,249.209669920967,189,304,125,108,314,412
1,1001,247.435556760665,429.531634128706,183,121,147,382,330,503
1,1001,622.160678990815,379.44494826183,303,149,470,302,773,451
1,1001,411.43525006488,477.721721721722,304,131,255,414,559,545
1,1001,615.233281554945,533.986935914287,260,131,481,469,741,600
1,1001,368.269111012264,362.554552964352,167,150,286,289,453,439
1,1001,99.7878551305115,501.305963816571,213,170,1,420,214,590
1,1001,771.245341053012,547.362221820156,70,100,730,500,800,600
1,1001,237.556700628489,89.2638482257876,152,188,157,1,309,189
1,1001,559.820788195742,172.651475532312,82,174,521,82,603,256
1,1001,368.174686407567,464.258739461238,325,295,169,305,494,600
1,1001,625.334964179626,175.071815481391,75,99,586,128,661,227
1,1001,666.20869809567,365.324470959514,147,472,586,128,733,600
1,1001,125.366882899753,404.184110211998,119,225,65,293,184,518
1,1001,238.530147895336,141.259385665529,97,29,190,127,287,156
1,1001,240.839015151515,99.8200757575758,55,21,214,89,269,110
1,1001,243.61252900232,64.2749419953596,57,57,215,36,272,93
1,1001,251.788095238095,12.3630952380952,94,34,196,1,290,35
1,1001,560.100827689992,120.537246049661,49,46,535,97,584,143
1,1001,568.776357827476,224.063897763578,48,16,545,216,593,232
1,1001,566.22268907563,180.834033613445,29,41,552,160,581,201
1,1001,49.8605718319802,468.016943169785,41,90,29,421,70,511
1,1001,43.7231907025885,531.665610142631,47,49,20,507,67,556
1,1001,378.753565942506,348.372394118938,59,92,349,305,408,397
1,1001,597.866028708134,254.99527295786,146,530,513,9,659,539
1,1001,596.129196642686,65.8093525179856,51,78,569,27,620,105
1,1001,225.199392732507,458.968394487273,268,267,105,316,373,583
1,1001,277.320653760093,358.969030709862,281,431,136,162,417,593
1,1001,208.973138686131,201.042335766423,52,81,180,162,232,243
1,1001,570.469994957136,278.630358043369,94,30,529,262,623,292
1,1001,244.033718487395,389.350945378151,133,224,185,269,318,493
1,1001,322.762793821357,393.819879113499,93,191,271,302,364,493
1,1001,497.533858998145,179.739332096475,36,78,477,136,513,214
1,1001,261.683544303797,287.012658227848,37,35,245,269,282,304
1,1001,340.046321525886,317.302452316076,29,32,325,302,354,334
1,1001,152.295747202636,85.2099278812351,311,192,1,1,312,193
1,1001,585.199356223176,105.920493562232,99,127,538,43,637,170
1,1001,619.602421847292,277.911524041141,380,429,395,43,775,472
1,1001,483.8198334595,336.242997728993,130,24,421,326,551,350
1,1001,572.298642533937,312.674208144796,22,19,562,305,584,324
1,1001,697.388888888889,510.905555555556,11,28,692,496,703,524
1,1001,375.208333333333,352.333333333333,33,18,355,343,388,361
1,1001,96.032800061237,484.481705450092,196,166,1,399,197,565
1,1001,489.179079891752,416.808859865867,138,155,421,338,559,493
1,1001,516.791541461543,563.333226775782,485,106,285,494,770,600
1,1001,283.766718506998,210.756256185494,90,110,238,160,328,270
1,1001,262.140874468027,329.216258708086,239,289,154,160,393,449
1,1001,232.909755063436,336.624865464271,427,240,1,247,428,487
1,1001,537.911787712859,387.094470184728,179,192,429,300,608,492
1,1001,619.101974978362,541.910535840743,218,120,510,480,728,600
1,1001,566.603490401396,329.211518324607,86,52,520,304,606,356
1,1001,334.270522141441,358.680766688698,166,234,262,253,428,487
1,1001,520.145652173913,211.085535117057,250,101,395,173,645,274
1,1001,405.409270160599,339.511573412585,163,138,324,271,487,409
1,1001,639.351791997915,402.663912420175,323,282,477,256,800,538
1,1001,112.97100990327,158.879778903731,204,248,12,39,216,287
1,1001,249.332404523849,269.903868218325,121,147,183,205,304,352
1,1001,180.364821487062,422.611595152309,210,185,76,330,286,515
1,1001,425.542487860611,194.979862896315,119,172,370,118,489,290
1,1001,362.081279575999,390.953612215282,327,482,209,118,536,600
1,1001,555.415985467757,342.661217075386,110,123,501,278,611,401
1,1001,706.093326204248,247.985101832499,187,249,613,117,800,366
1,1001,496.220810942843,120.69443087445,60,158,470,55,530,213
1,1001,489.328719723183,65.4602076124567,15,24,482,55,497,79
1,1001,144.888726391442,317.66505097777,146,211,64,215,210,426
1,1001,138.083736160923,527.196943708093,142,180,66,420,208,600
1,1001,671.326637824475,460.449938195303,135,92,579,413,714,505
1,1001,672.206965572458,40.2057646116894,48,63,648,9,696,72
1,1001,755.835195530726,38.6238361266294,30,44,741,17,771,61
1,1001,788.1925264013,100.302193338749,28,53,772,76,800,129
1,1001,603.444184491979,440.501002673797,35,114,586,378,621,492
1,1001,638.004683840749,474.036299765808,35,37,621,453,656,490
1,1001,776.668861712135,483.451343158775,61,209,739,390,800,599
1,1001,650.967226890756,547.450420168067,135,19,605,536,740,555
1,1001,152.585071090047,264.014928909953,100,85,103,221,203,306
1,1001,541.30943188086,375.28433535576397,71,201,506,268,577,469
1,1001,329.205835462246,208.448051324408,235,306,216,61,451,367
1,1001,237.333988729882,374.359191092012,450,539,1,61,451,600
1,1001,637.34809325863,532.943972528466,338,163,462,437,800,600
1,1001,395.737792825769,260.223590775988,678,203,48,162,726,365
1,1001,325.82861660079,184.266877470356,92,102,283,127,375,229
1,1001,318.631467793031,153.445617740232,49,51,293,126,342,177
1,1001,467.2046277666,361.505533199195,115,136,404,282,519,418
1,1001,673.826439444077,383.361019192588,110,161,622,296,732,457
1,1001,610.426507537688,376.552135678392,44,49,589,353,633,402
1,1001,477.702617801047,317.487958115183,58,62,448,284,506,346
1,1001,677.20232172471,332.908236594804,64,71,645,296,709,367
1,1001,108.410419770847,339.307275342958,131,398,44,112,175,510
1,1001,423.273996082272,223.012650995756,201,179,329,126,530,305
1,1001,371.660290395631,240.237724790196,361,200,169,126,530,326
1,1001,448.934741508573,394.606330269248,467,176,218,306,685,482
1,1001,247.360288808664,350.009747292419,160,46,170,324,330,370
1,1001,664.466859833394,365.618978630931,189,63,601,338,790,401
1,1001,173.56939521992,394.26020083606,331,449,34,151,365,600
1,1001,541.448134852505,287.635867020446,468,321,332,119,800,440
1,1001,173.757670362795,204.269996770374,119,102,115,154,234,256
1,1001,119.951344817165,423.287095799335,92,56,78,396,170,452
1,1001,536.458227040816,290.197863520408,117,156,474,204,591,360
1,1001,675.789055217415,294.555902834896,125,211,611,171,736,382
1,1001,163.321199486851,308.996311738294,96,76,116,273,212,349
1,1001,219.016171100678,378.618431577117,418,112,1,327,419,439
1,1001,539.338793745346,245.776619508563,43,35,519,229,562,264
1,1001,475.329019786828,139.93629017102,187,282,390,1,577,283
1,1001,544.102123639351,346.320731156295,408,599,324,1,732,600
1,1001,269.227354133283,373.791874823263,227,353,147,247,374,600
1,1001,360.091241185965,474.773018435137,408,259,154,341,562,600
1,1001,276.264705882353,333.696832579186,23,21,265,323,288,344
1,1001,712.545104697227,368.016015846067,244,358,556,182,800,540
1,1001,72.1701244813278,54.2436277415531,49,73,47,21,96,94
1,1001,132.32006245121,46.6120218579235,55,80,103,13,158,93
1,1001,513.30677847659,386.640810621943,98,60,470,358,568,418
1,1001,467.152393980848,215.406292749658,64,61,435,185,499,246
1,1001,100.80628086115,154.706537625913,213,162,1,79,214,241
1,1001,719.329174664108,218.306861804223,70,80,684,182,754,262
1,1001,78.0719839142091,239.27654155496,168,198,1,131,169,329
1,1001,250.904570015569,139.113655096621,303,281,95,1,398,282
1,1001,492.41237490847,175.190383207225,97,364,444,1,541,365
1,1001,367.307663782447,53.0708281829419,182,116,281,1,463,117
1,1001,660.178522563234,270.632799849369,369,599,431,1,800,600
1,1001,696.965047770701,395.999960191083,204,340,596,240,800,580
1,1001,196.447154471545,388.015243902439,42,147,175,325,217,472
1,1001,442.044317252657,260.210057236304,88,255,392,142,480,397
1,1001,543.181409295352,365.370314842579,62,47,507,340,569,387
1,1001,574.968181818182,339.754545454545,38,57,557,317,595,374
1,1001,591.745243128964,363.125792811839,29,36,578,345,607,381
1,1001,435.202447163515,159.274749721913,38,36,415,142,453,178
1,1001,183.572727272727,338.906060606061,19,30,173,325,192,355
1,1001,408.5,173,1,2,408,172,409,174
1,1001,478.723835045407,335.715944618133,74,162,455,250,529,412
1,1001,388.102674418605,87.4968992248062,504,129,138,23,642,152
1,1001,264.37139561707,352.892041522491,86,131,232,292,318,423
1,1001,203.013629691759,386.009016565318,90,71,157,354,247,425
1,1001,319.899260628466,381.634011090573,128,81,256,347,384,428
1,1001,687.982014388489,417.709186496956,28,331,674,269,702,600
1,1001,590.365300059418,516.777302436126,416,61,384,486,800,547
1,1001,483.709543568465,265.298755186722,20,32,475,250,495,282
1,1001,279.318493150685,306.993150684931,24,31,268,292,292,323
1,1001,195.866871608523,294.121140103985,377,464,4,63,381,527
1,1001,611.728541679242,281.92599746484,262,360,489,105,751,465
1,1001,441.466030320045,348.581134194273,93,27,395,336,488,363
1,1001,465.395146901392,505.186987034614,178,59,371,474,549,533
1,1001,550.802242390354,468.30431416405,456,247,344,321,800,568
1,1001,530.887288597927,157.244238346366,305,350,383,1,688,351
1,1001,310.177553648069,520.029270386266,171,165,224,435,395,600
1,1001,166.941653481013,418.296083860759,196,306,61,294,257,600
1,1001,590.520079566102,312.380227189314,448,599,352,1,800,600
1,1001,664.54659400545,518.289100817439,98,61,616,484,714,545
1,1001,576.608512929423,343.580679897701,239,456,464,144,703,600
1,1001,382.672400128031,242.195575302169,561,490,147,1,708,491
1,1001,363.115115899445,485.508782239634,275,336,235,256,510,592
1,1001,581.509975318799,256.892174002468,239,236,464,144,703,380
1,1001,551.509161724352,78.2833495618306,167,174,474,1,641,175
1,1001,226.976464908575,141.320741053648,171,255,144,19,315,274
1,1001,548.11884260336706,431.846792335738,104,237,500,283,604,520
1,1001,192.534304342853,354.568284592214,403,581,8,19,411,600
1,1001,352.696035242291,385.429830081812,68,37,316,371,384,408
1,1001,699.189110707804,455.620326678766,90,70,659,425,749,495
1,1001,423.542308302905,461.238768058422,240,48,269,439,509,487
1,1001,752.193181818182,473.570564516129,96,74,704,433,800,507
1,1001,433.341031941032,111.967918567919,309,117,258,51,567,168
1,1001,522.82913821801,419.493121369612,191,417,432,183,623,600
1,1001,533.988940420978,87.6428826257581,61,71,506,51,567,122
1,1001,589.821776335202,350.639716730599,79,81,544,307,623,388
1,1001,372.367430996549,258.000855048435,431,419,156,77,587,496
1,1001,228.074049819913,390.20081605924,176,358,142,242,318,600
1,1001,602.915841584158,132.851855278986,130,287,542,22,672,309
1,1001,717.823319876514,262.532143705262,190,206,610,156,800,362
1,1001,493.413082842915,100.94692168402,151,98,402,59,553,157
1,1001,334.683290791282,326.301983114078,106,92,271,276,377,368
1,1001,598.481166336986,417.524213214439,398,407,402,193,800,600
1,1001,177.091125802555,359.761331129617,341,454,27,146,368,600
1,1001,334.283580190822,326.730586097229,526,593,106,7,632,600
1,1001,557.689177566744,339.619602221824,311,301,402,193,713,494
1,1001,125.472006025609,210.38821240271201,187,130,33,146,220,276
1,1001,140.349075297226,432.67536327609,85,114,102,377,187,491
1,1001,170.914944023784,232.318994750778,165,207,84,133,249,340
1,1001,619.073844190498,375.455536864087,166,141,537,311,703,452
1,1001,336.205821340594,144.979871645274,181,225,244,40,425,265
1,1001,307.934622798467,358.685573772895,383,562,92,38,475,600
1,1001,613.630781114222,489.919667857488,147,107,543,442,690,549
1,1001,615.266738210219,513.282934875494,342,224,443,376,785,600
1,1001,614.661393470212,583.686300908785,128,40,545,560,673,600
1,1001,517.572118408881,332.942497687327,366,599,326,1,692,600
1,1001,328.703478741027,22.5124240750966,44,49,307,1,351,50
1,1001,208.273214285714,25.2535714285714,59,49,181,1,240,50
1,1001,107.08881922675,13.9561128526646,38,29,89,1,127,30
1,1001,294.787003610108,161.57761732852,13,24,288,150,301,174
1,1001,320.657479358912,116.679273919378,135,233,246,1,381,234
1,1001,111.984472689797,98.2935073857781,126,199,44,1,170,200
1,1001,199.357832789612,109.573082581718,162,230,99,1,261,231
1,1001,519.161081716637,375.468547912992,53,69,491,336,544,405
1,1001,523.76274655198,118.161678777992,200,241,426,2,626,243
1,1001,92.2194818330351,564.55621255738,191,93,1,507,192,600
1,1001,480.19291161956,388.176461791536,239,84,358,345,597,429
1,1001,453.704121116496,83.0731056763966,202,196,373,1,575,197
1,1001,735.631362889984,182.263988884679,157,291,643,29,800,320
1,1001,171.672585370217,337.110092358611,475,599,1,1,476,600
1,1001,460.522162439149,352.533414467504,272,320,304,208,576,528
1,1001,616.83810403201,103.869146550587,189,174,530,19,719,193
1,1001,433.678923395445,178.268488612836,266,157,278,82,544,239
1,1001,369.712733584032,194.300607463118,281,406,227,1,508,407
1,1001,192.387377623641,524.792276290596,244,177,52,423,296,600
1,1001,366.629594182092,299.652665695082,545,599,17,1,562,600
1,1001,641.609910384818,539.016051660517,402,171,398,429,800,600
1,1001,394.366110838646,217.262383521334,62,75,364,178,426,253
1,1001,397.779598850081,370.539470640716,126,385,335,178,461,563
1,1001,603.950922475688,347.836923263352,259,463,464,60,723,523
1,1001,289.961571014681,323.426218301377,433,393,100,69,533,462
1,1001,734.86143024619,363.060257913247,71,70,701,328,772,398
1,1001,576.092816038611,88.3829589753109,74,96,538,43,612,139
1,1001,526.27959053103,408.937939859245,69,36,494,391,563,427
1,1001,546.585701191567,440.92254812099,74,44,509,416,583,460
1,1001,551.089411046689,483.903265181568,93,49,504,457,597,506
1,1001,420.096731761611,387.08995244359,146,84,345,346,491,430
1,1001,604.669001105787,221.576115001843,70,69,574,184,644,253
1,1001,325.883615288221,490.089755639098,151,75,254,452,405,527
1,1001,657.860412766865,320.083050967941,327,557,441,43,768,600
1,1001,350.042594822396,196.228326309452,88,127,305,145,393,272
1,1001,298.866722889464,305.751882979033,258,360,177,145,435,505
1,1001,182.756764326928,243.131365189625,142,190,102,150,244,340
1,1001,138.457070500776,378.946278898783,256,450,21,150,277,600
1,1001,470.664122137405,450.094013660104,83,45,429,425,512,470
1,1001,460.087463556851,498.595812350914,96,50,412,472,508,522
1,1001,499.246224556796,467.821686520964,215,64,393,436,608,500
1,1001,386.059620596206,300.831978319783,43,150,360,265,403,415
1,1001,336.394535402934,532.029555602807,109,108,283,481,392,589
1,1001,736.621392677674,477.336109117014,141,61,659,450,800,511
1,1001,390.673038866461,235.03348373308,185,189,300,143,485,332
1,1001,773.979343415714,541.111766875692,79,113,721,487,800,600
1,1001,358.015381142783,336.900748097511,308,355,188,146,496,501
1,1001,253.374512620562,151.38641493946199,68,96,221,109,289,205
1,1001,255.953507340946,199.999629245143,125,167,190,109,315,276
1,1001,120.117666703774,132.190470889458,111,110,65,78,176,188
1,1001,109.411809108446,234.61693086192,223,317,1,78,224,395
1,1001,683.286736747931,550.153656900022,112,153,623,447,735,600
1,1001,670.168531705663,158.088843675822,51,74,645,124,696,198
1,1001,675.852435715209,199.274970926476,111,134,621,125,732,259
1,1001,487.7319243604,59.0482017055988,66,61,451,29,517,90
1,1001,467.704689480355,116.436482402262,124,208,407,30,531,238
1,1001,601.783105022831,167.557077625571,29,39,588,149,617,188
1,1001,595.287383877734,190.799820197782,64,94,557,144,621,238
1,1001,611.974965965815,411.14733020723,269,245,487,294,756,539
1,1001,191.353388541491,484.758492479297,147,181,119,398,266,579
1,1001,92.5391743892165,517.606149957877,89,175,43,424,132,599
1,1001,128.694621372965,504.285562632696,84,181,89,414,173,595
1,1001,151.791972290139,69.8720456397718,134,49,87,47,221,96
1,1001,132.97592483852,245.096887844979,111,25,82,232,193,257
1,1001,439.105359477124,406.7948583878,74,216,403,301,477,517
1,1001,533.806440925055,220.193426545623,184,97,445,171,629,268
1,1001,667.144407033296,230.946502057613,42,120,646,170,688,290
1,1001,677.582586427657,377.216389244558,30,115,664,324,694,439
1,1001,103.124401532078,506.499281838493,234,148,26,423,260,571
1,1001,510.726399153425,418.407260748605,367,245,363,290,730,535
1,1001,534.354611540209,285.025261244889,364,398,375,163,739,561
1,1001,416.215249714068,113.470834921845,106,148,361,38,467,186
1,1001,300.934631432545,184.307997218359,146,221,230,71,376,292
1,1001,149.605255497632,173.007753579084,175,248,59,46,234,294
1,1001,162.956343312749,352.331587586962,223,124,51,291,274,415
1,1001,319.336962862143,407.958584483764,99,213,269,309,368,522
1,1001,298.306781485468,529.085037674919,87,59,265,488,352,547
1,1001,536.644357539283,268.141043954757,537,165,263,158,800,323
1,1001,271.348993288591,494.06711409396,18,13,262,488,280,501
1,1001,537.049336870027,407.788594164456,56,135,506,343,562,478
1,1001,460.971771347918,288.741707833451,39,72,444,252,483,324
1,1001,347.915401301518,177.584598698482,40,52,328,152,368,204
1,1001,178.488130563798,271.264589515331,56,51,148,247,204,298
1,1001,185.780638753056,355.833740831296,111,224,134,247,245,471
1,1001,694.504734270006,230.223121563836,85,181,645,149,730,330
1,1001,696.556748466258,162.868098159509,34,28,677,149,711,177
1,1001,664.073874296435,426.877579737336,211,200,560,314,771,514
1,1001,408.768237865479,120.586890181038,284,192,275,16,559,208
1,1001,145.260419235512,156.823181257707,90,291,92,5,182,296
1,1001,76.0425209383408,451.219123053019,188,286,1,314,189,600
1,1001,416.939544002725,386.274049392034,568,340,171,253,739,593
1,1001,661.358518587274,510.880029702511,309,162,491,438,800,600
1,1001,664.638894009217,184.760184331797,81,216,631,78,712,294
1,1001,308.701763948073,270.484243385195,223,184,196,179,419,363
1,1001,736.266335066697,150.563418494235,122,82,673,113,795,195
1,1001,729.853437810396,283.078100283265,159,215,641,181,800,396
1,1001,109.930686625447,421.562967783924,71,123,71,359,142,482
1,1001,495.020191171732,499.85662120073,131,96,427,450,558,546
1,1001,684.612451163581,405.566332597248,238,100,562,358,800,458
1,1001,438.423242467719,375.394548063128,28,29,424,361,452,390
1,1001,369.451158940397,64.2419977924945,72,52,334,38,406,90
1,1001,84.1137081107334,133.373057309373,140,134,14,66,154,200
1,1001,101.403649465365,279.182124593212,121,86,41,236,162,322
1,1001,71.5310397359401,399.894122127714,162,107,1,347,163,454
1,1001,211.949095200629,512.489378442172,139,111,145,456,284,567
1,1001,300.43543512246,432.248671182908,229,48,184,408,413,456
1,1001,489.416701201823,321.821798590966,110,128,436,250,546,378
1,1001,474.456718346253,65.2887596899225,68,48,441,40,509,88
1,1001,578.445491674521,62.8058435438266,69,54,544,32,613,86
1,1001,476.719087635054,426.47418967587,43,26,455,414,498,440
1,1001,504.7228515625,165.3064453125,92,64,459,130,551,194
1,1001,108.120012191119,266.311342429784,243,263,1,136,244,399
1,1001,702.869974256962,166.052328574772,173,194,618,71,791,265
1,1001,488.563483327938,403.417610877307,213,115,385,344,598,459
1,1001,610.597187475311,275.11905827825,422,459,369,71,791,530
1,1001,177.758801996672,292.611048252912,138,155,106,215,244,370
1,1001,181.79568234387,153.491133384734,205,173,82,63,287,236
1,1001,207.452243784112,75.6999696785931,80,117,167,18,247,135
1,1001,206.815475678373,281.305865753566,267,559,85,23,352,582
1,1001,373.876450270127,418.779204676291,559,168,96,333,655,501
1,1001,563.932432432432,279.109637939827,62,80,531,239,593,319
1,1001,708.486956521739,484.853754940711,146,28,639,471,785,499
1,1001,651.098633392751,308.88651218063,183,89,515,278,698,367
1,1001,596.779220779221,486.430194805195,48,34,572,470,620,504
1,1001,225.009915014164,384.262039660057,64,116,181,306,245,422
1,1001,666.895086321381,45.074369189907,49,20,645,36,694,56
1,1001,513.265190972222,417.294337606838,221,361,372,239,593,600
1,1001,182.289583333333,267.75,41,43,161,248,202,291
1,1001,412.296983758701,398.31090487239,21,26,401,385,422,411
1,1001,396.781756756757,456.122804054054,96,143,347,380,443,523
1,1001,143.957955394302,396.370771529186,114,350,94,241,208,591
1,1001,260.690471022357,488.415237681789,148,31,186,473,334,504
1,1001,503.193864935868,136.970483696492,109,149,447,63,556,212
1,1001,391.587418956133,398.175770323308,450,301,156,278,606,579
1,1001,594.715067184934,380.205768521931,423,537,377,63,800,600
1,1001,681.082778306375,332.735014272122,156,54,606,313,762,367
1,1001,538.249310027599,349.574632014719,127,102,479,298,606,400
1,1001,454.871361720487,175.539012976669,173,227,368,64,541,291
1,1001,276.728391444477,237.790213888075,46,124,249,170,295,294
1,1001,744.825105042017,263.257983193277,102,225,696,162,798,387
1,1001,279.696864111498,179.801393728223,15,21,272,170,287,191
1,1001,754.661111111111,175.677777777778,23,26,743,162,766,188
1,1001,343.561730449251,164.442928452579,16,289,335,1,351,290
1,1001,643.014297564286,245.47203076691,310,350,483,72,793,422
1,1001,281.681532895223,283.172044598686,156,166,201,197,357,363
1,1001,85.4782314928709,198.918452556262,244,424,1,5,245,429
1,1001,410.385376691577,217.931327004646,51,156,385,141,436,297
1,1001,463.728763360089,492.24170494055,188,179,372,386,560,565
1,1001,188.287781036168,131.578787878788,231,131,63,72,294,203
1,1001,464.323595209896,432.829846032373,102,108,415,386,517,494
1,1001,140.443290877306,322.223233080024,146,481,66,103,212,584
1,1001,570.476287724075,377.424892216928,112,112,519,320,631,432
1,1001,252.787459049371,421.675326168171,115,332,207,245,322,577
1,1001,607.495973411735,191.121756359453,307,63,460,162,767,225
1,1001,577.907153574244,489.31780382982,216,282,475,318,691,600
1,1001,759.072104018913,300.542947202522,48,66,734,270,782,336
1,1001,766.066554395419,499.998181205793,85,249,715,351,800,600
1,1001,236.332740213523,270.514234875445,29,51,221,246,250,297
1,1001,748.251021495825,336.829454610055,83,151,708,270,791,421
1,1001,737.849041533546,450.934238551651,103,214,694,349,797,563
1,1001,127.781692336472,119.838934962898,145,162,51,45,196,207
1,1001,517.53065539112,136.536997885835,40,53,494,107,534,160
1,1001,428.251831501831,446.344322344322,82,38,375,424,457,462
1,1001,447.601290963257,75.6354270109235,96,127,400,18,496,145
1,1001,690.905109489051,121.171056807363,111,152,633,50,744,202
1,1001,583.825548986487,231.009966216216,180,155,494,155,674,310
1,1001,142.968113526105,290.862687268919,457,452,1,45,458,497
1,1001,408.760239743373,232.706196184366,252,435,266,18,518,453
1,1001,727.171860202931,264.47075535513,167,418,633,52,800,470
1,1001,579.486610804638,435.525515865995,316,277,418,297,734,574
1,1001,650.429390805597,515.184844007995,111,134,594,449,705,583
1,1001,289.858958068615,265.766200762389,33,32,275,248,308,280
1,1001,625.829706202394,413.670475154153,94,88,574,370,668,458
1,1001,572.28898205808,326.785714285714,327,157,382,263,709,420
1,1001,566.326968043648,375.828526890101,122,37,512,360,634,397
1,1001,153.076335877863,402.807970655299,276,151,20,331,296,482
1,1001,430.031909154664,441.827399255543,239,222,332,335,571,557
1,1001,113.462357782619,437.236504478335,127,54,51,411,178,465
1,1001,171.979651162791,451.94476744186,35,15,154,444,189,459
1,1001,209.623513870542,426.808454425363,58,22,181,416,239,438
1,1001,317.378772435187,247.333569687569,98,330,270,84,368,414
1,1001,534.306923361718,420.671417993336,127,94,475,384,602,478
1,1001,665.38174194778,431.369735086716,126,89,606,397,732,486
1,1001,164.415307155716,349.876181368137,233,216,47,233,280,449
1,1001,591.454005934718,417.761127596439,21,47,581,393,602,440
1,1001,721.024745269287,423.988355167394,22,44,710,401,732,445
1,1001,357.408750695891,222.850491762717,334,472,185,14,519,486
1,1001,667.818535091851,179.777908619878,65,449,631,22,696,471
1,1001,389.955585464334,109.768506056528,59,16,362,101,421,117
1,1001,395.308165910564,168.266364225535,90,76,347,130,437,206
1,1001,369.066782684359,56.5370894061344,80,77,326,19,406,96
1,1001,227.006515224746,137.56520057999,270,279,79,4,349,283
1,1001,195.741713013092,304.546295157004,498,562,1,4,499,566
1,1001,553.538370761168,391.050293290757,596,413,185,156,781,569
1,1001,538.62970883369,217.711465701596,104,77,484,178,588,255
1,1001,458.825865135127,498.958077023993,181,213,368,387,549,600
1,1001,476.496396396396,412.332432432432,45,29,453,398,498,427
1,1001,604.870503597122,446.043165467626,32,25,589,434,621,459
1,1001,613.113919784294,507.652721604314,151,194,542,406,693,600
1,1001,319.253824417812,318.268324873996,600,413,54,129,654,542
1,1001,663.335036910846,406.229577350531,180,208,561,317,741,525
1,1001,656.942859597869,320.951709915793,129,196,599,240,728,436
1,1001,556.479166666667,33.3365384615385,31,21,541,23,572,44
1,1001,394.276442942388,81.6864339652532,177,155,306,1,483,156
1,1001,43.5323856975381,243.283558030481,98,438,1,1,99,439
1,1001,211.267958477509,301.726920415225,104,140,160,236,264,376
1,1001,304.938371864562,228.173685244613,152,148,235,159,387,307
1,1001,163.903976241544,249.854149480284,103,117,111,198,214,315
1,1001,166.866410521649,191.167577951825,144,139,96,128,240,267
1,1001,134.927335089951,360.685989460294,407,466,1,128,408,594
1,1001,544.465830430757,383.516467527887,301,333,375,208,676,541
1,1001,483.659998103726,270.25580733858,149,113,406,208,555,321
1,1001,465.683731990488,191.721919149531,85,115,420,139,505,254
1,1001,220.316954553077,223.154284755995,85,111,184,171,269,282
1,1001,373.426516853933,451.560898876405,27,97,360,397,387,494
1,1001,257.082782915015,455.163364156759,30,100,242,398,272,498
1,1001,86.9258801729463,502.27208153181,35,115,69,438,104,553
1,1001,19.7282079047103,418.421765024364,25,86,7,370,32,456
1,1001,111.198623402163,486.548672566372,30,111,93,428,123,539
1,1001,160.547640653358,444.126588021779,28,93,147,393,175,486
1,1001,170.021390374332,391.841354723708,38,23,150,381,188,404
1,1001,298.624831309042,253.757085020243,38,112,278,200,316,312
1,1001,487.902559849857,349.711127599677,222,464,356,136,578,600
1,1001,235.956327416677,316.537819776104,140,281,156,170,296,451
1,1001,484.03447050462,487.989694385217,166,36,412,469,578,505
1,1001,43.8914948453608,246.888917525773,52,82,18,206,70,288
1,1001,323.694416243655,257.64027072758,33,128,306,195,339,323
1,1001,759.55581106563,388.485259623787,115,287,685,237,800,524
1,1001,317.095779220779,211.668831168831,23,34,306,195,329,229
1,1001,288.15925058548,212.454332552693,20,24,278,200,298,224
1,1001,118.055080352514,485.488983929497,58,195,88,385,146,580
1,1001,349.450584484591,230.933049946865,40,26,329,217,369,243
1,1001,118.716337522442,398.583482944345,26,28,105,385,131,413
1,1001,280.691358024691,402.986111111111,31,27,265,389,296,416
1,1001,404.035650623886,389.732620320856,29,25,390,376,419,401
1,1001,621.246081504702,406.460815047022,32,26,606,393,638,419
1,1001,757.942906574394,383.923875432526,27,26,744,370,771,396
1,1001,280.980559085133,483.639390088945,81,191,241,388,322,579
1,1001,404.223730517848,470.725992961287,70,194,370,376,440,570
1,1001,622.26529322548,482.528185035389,75,185,581,393,656,578
1,1001,755.759671493408,470.867516749514,73,210,721,368,794,578
1,1001,338.076178960097,75.4724909310762,216,82,227,39,443,121
1,1001,683.946896986352,205.908764063517,250,433,550,1,800,434
1,1001,223.10094480358,409.843148398096,464,288,11,265,475,553
1,1001,325.344745076385,188.181989692619,261,144,190,121,451,265
1,1001,351.620780745524,320.964484884062,257,80,216,280,473,360
1,1001,375.668156606852,195.807601957586,424,194,133,97,557,291
1,1001,336.233644859813,284.570093457944,42,14,315,278,357,292
1,1001,145.102955665025,208.132512315271,73,110,105,160,178,270
1,1001,670.544381672811,189.811461674726,175,243,583,69,758,312
1,1001,663.321774359679,433.520668818238,99,550,614,50,713,600
1,1001,148.63288561315,433.441109440915,66,336,115,264,181,600
1,1001,138.286554921541,408.814194008559,110,149,89,334,199,483
1,1001,154.328787878788,173.856060606061,35,25,136,160,171,185
1,1001,669.8642209572,106.959308454565,150,43,596,84,746,127
1,1001,520.627279358133,326.393790199589,185,384,437,126,622,510
1,1001,692.324487453495,302.806023905644,172,538,601,48,773,586
1,1001,353.309081991335,407.794490313088,114,286,289,217,403,503
1,1001,168.953781512605,409.055297118848,94,165,120,325,214,490
1,1001,76.8705023156395,430.423583897399,71,102,41,379,112,481
1,1001,259.253954681488,353.965369816161,29,253,245,233,274,486
1,1001,195.716046697121,299.567302346941,206,402,86,85,292,487
1,1001,399.56079190313,387.468446792374,239,219,289,286,528,505
1,1001,566.80477958986,445.7678023575,66,117,533,384,599,501
1,1001,509.421882542237,567.088334674175,246,42,408,549,654,591
1,1001,577.753932897118,230.022785280059,444,400,350,36,794,436
1,1001,416.728703945649,154.420825712046,115,171,358,71,473,242
1,1001,428.768280632411,389.275197628458,50,63,405,355,455,418
1,1001,619.549795361528,135.624728411904,142,188,551,49,693,237
1,1001,140.034354908689,317.549560209837,186,216,62,212,248,428
1,1001,610.465933516621,375.972498542031,506,551,258,49,764,600
1,1001,157.963082840157,434.431982232093,260,386,38,214,298,600
1,1001,421.572376295617,351.567346626939,310,528,274,72,584,600
1,1001,292.388392857143,422.477120535714,97,70,250,381,347,451
1,1001,380.679680940386,415.319479429051,94,129,342,375,436,504
1,1001,154.488061398522,541.316088686754,49,80,130,502,179,582
1,1001,445.792056618708,179.425455138055,202,280,349,44,551,324
1,1001,350.017021276596,591.140425531915,14,20,344,580,358,600
1,1001,527.381863082931,488.230243510223,166,146,453,412,619,558
1,1001,428.81968640325,259.567620999556,406,452,253,13,659,465
1,1001,547.085594989562,576.787891440501,78,41,509,555,587,596
1,1001,694.8,550.972413793103,17,11,687,545,704,556
1,1001,423.476386036961,532.195482546201,59,62,397,497,456,559
1,1001,166.096228868661,494.166449934981,38,26,148,482,186,508
1,1001,92.1969407265774,581.1695347355,50,41,67,559,117,600
1,1001,243.725396825397,592.726984126984,43,18,221,582,264,600
1,1001,158.517441860465,522.511627906977,17,12,149,516,166,528
1,1001,161.008771929825,562.043859649123,12,10,155,557,167,567
1,1001,424.920894239037,586.748065348237,64,28,390,572,454,600
1,1001,388.079447322971,489.891191709845,43,19,366,481,409,500
1,1001,258.99865410498,467.838492597577,82,25,220,453,302,478
1,1001,264.857142857143,519.298136645963,35,14,246,512,281,526
1,1001,368.351851851852,516.046296296296,14,9,361,511,375,520
1,1001,354.918367346939,552.387755102041,22,16,343,543,365,559
1,1001,684.991562876657,131.48633989554,71,88,651,88,722,176
1,1001,458.31514084507,82.1144366197183,81,96,418,35,499,131
1,1001,124.084558823529,101.957154977376,96,98,75,51,171,149
1,1001,407.74025974026,332.623376623377,35,39,390,314,425,353
1,1001,346.703448275862,340.885057471264,46,18,325,332,371,350
1,1001,304.107547169811,362.320754716981,43,32,282,347,325,379
1,1001,650.874523600117,241.246115508649,219,297,509,88,728,385
1,1001,437.539897825399,162.825082508251,145,262,356,37,501,299
1,1001,136.792567012005,198.817365564874,179,312,58,51,237,363
1,1001,345.660840526099,440.981298808056,412,318,150,282,562,600
1,1001,470.659403669725,307.552752293578,118,43,415,286,533,329
1,1001,359.410480349345,283.25327510917,23,110,348,226,371,336
1,1001,257.642994241843,326.122840690979,109,82,207,290,316,372
1,1001,86.9625436007513,198.917118325731,265,380,1,16,266,396
1,1001,426.310424009399,171.587365160739,279,285,291,35,570,320
1,1001,718.986205227493,252.67336237496,194,251,580,128,774,379
1,1001,44.9168053244592,116.188019966722,62,27,14,102,76,129
1,1001,45.5514211886305,542.964857881137,70,68,11,509,81,577
1,1001,448.745689655172,337.006465517241,52,31,422,322,474,353
1,1001,306.857839212546,308.945862572411,248,539,191,61,439,600
1,1001,338.578742948738,350.839000030825,190,384,248,160,438,544
1,1001,521.073449562659,352.68252808656,248,538,384,62,632,600
1,1001,532.680986965826,350.049607677842,260,364,425,160,685,524
1,1001,378.403251131431,328.786275053108,231,68,264,293,495,361
1,1001,676.401894986182,347.841689696013,85,41,632,327,717,368
1,1001,757.187407407407,375.961481481481,68,35,722,361,790,396
1,1001,739.646137046137,272.540267540268,141,178,659,176,800,354
1,1001,337.508478898381,115.238939181436,94,109,288,61,382,170
1,1001,464.454704944179,113.308452950558,75,104,427,62,502,166
1,1001,331.848057073467,211.266848816029,85,108,290,160,375,268
1,1001,474.230696052006,209.123355002378,76,106,438,160,514,266
1,1001,539.587449157467,488.776873910517,64,43,505,468,569,511
1,1001,653.890468227425,483.097408026756,69,61,616,451,685,512
1,1001,456.927319922129,309.253731343284,65,33,425,294,490,327
1,1001,408.945945945946,323.22332859175,44,28,386,308,430,336
1,1001,467.78167115903,142.359715755942,83,129,427,79,510,208
1,1001,146.690131992458,240.552011313639,125,136,93,198,218,334
1,1001,468.000348068221,336.631465367212,460,488,182,79,642,567
1,1001,125.647197362223,318.685507929031,48,308,102,165,150,473
1,1001,688.657278857596,336.647957159857,66,81,656,296,722,377
1,1001,525.105285060341,328.510611735331,123,34,458,310,581,344
1,1001,507.824123228692,342.495799021862,264,192,376,247,640,439
1,1001,484.986021998167,467.647341888176,210,28,393,454,603,482
1,1001,524.68848018726,182.921384383882,338,106,338,132,676,238
1,1001,521.524240809803,374.36494405967,115,34,465,355,580,389
1,1001,459.127272727273,173.254545454545,5,22,457,162,462,184
1,1001,284.991352607124,481.192694889004,219,163,158,365,377,528
1,1001,691.175410872313,477.753713653603,307,96,493,434,800,530
1,1001,461.53005797986,408.192401586817,151,81,388,367,539,448
1,1001,622.440227458752,181.537629776418,121,369,571,15,692,384
1,1001,93.0761235279981,359.442261475607,182,115,1,305,183,420
1,1001,687.201889379857,295.098125857078,65,120,655,229,720,349
1,1001,594.868837177771,108.245631578055,456,241,339,1,795,242
1,1001,320.352230863692,405.531733037054,452,389,102,211,554,600
1,1001,324.686681140975,412.568952609119,382,364,147,236,529,600
1,1001,608.750108271979,397.437002051039,456,423,344,177,800,600
1,1001,183.883660475455,171.838541234977,455,438,1,1,456,439
1,1001,401.328558394161,430.187135036496,167,95,312,384,479,479
1,1001,658.205499153976,287.572927241963,144,163,592,212,736,375
1,1001,522.213382225701,326.1412385151,199,245,423,202,622,447
1,1001,389.455027082592,487.481714308307,254,237,264,363,518,600
1,1001,123.764316576367,299.931983403059,261,283,1,159,262,442
1,1001,658.839029484363,252.299264925272,356,536,444,49,800,585
1,1001,439.963607594937,252.78164556962,35,23,423,240,458,263
1,1001,474.920863309353,218.709832134293,25,82,456,173,481,255
1,1001,277.939048116851,285.424649843676,330,463,115,22,445,485
1,1001,625.835153451568,390.123210563758,464,443,321,157,785,600
1,1001,279.380615810849,523.045745049271,486,197,56,403,542,600
1,1001,412.156185192639,154.843972313858,468,323,204,1,672,324
1,1001,443.40778280543,177.980995475113,150,56,369,152,519,208
1,1001,439.207264844287,525.356051393222,227,205,303,395,530,600
1,1001,591.783590166469,298.331855898572,169,146,508,228,677,374
1,1001,306.008098772347,457.606369322691,431,286,108,314,539,600
1,1001,747.982517482517,226.701443717573,123,182,677,143,800,325
1,1001,695.447096760684,491.444416525326,227,233,573,367,800,600
1,1001,116.274541656997,284.090044093757,176,162,13,208,189,370
1,1001,357.854205607477,56.8240913811007,239,98,256,19,495,117
1,1001,406.346323067253,97.2960402262728,157,38,326,78,483,116
1,1001,283.550898798292,310.881020955408,74,234,246,189,320,423
1,1001,140.12730108438,198.849893772489,269,371,1,1,270,372
1,1001,690.313635722237,219.827848418808,243,367,557,55,800,422
1,1001,677.812402547855,329.127724513154,357,545,443,55,800,600
1,1001,234.566251415629,540.118346545866,67,26,200,527,267,553
1,1001,311.159931701764,539.120091064314,67,26,278,526,345,552
1,1001,390.027747551687,539.150163220892,73,28,353,525,426,553
1,1001,460.731300345224,537.239930955121,72,27,425,524,497,551
1,1001,325.49696969697,577.439826839827,77,34,288,560,365,594
1,1001,156.258466453674,397.211821086262,119,62,95,366,214,428
1,1001,97.2689768976898,407.867436743674,77,38,59,389,136,427
1,1001,380.488049473508,369.809961557747,83,269,336,227,419,496
1,1001,470.208208955224,378.255223880597,39,52,449,354,488,406
1,1001,154.375927680404,70.6545476077688,191,167,58,1,249,168
1,1001,719.013381048701,321.184689590789,85,101,681,275,766,376
1,1001,240.2001016943,275.269181179291,463,201,26,191,489,392
1,1001,373.845849317708,379.647695622471,472,191,155,289,627,480
1,1001,613.032570381163,472.367721013301,430,218,317,345,747,563
1,1001,478.595174262735,461.33560809164,97,61,424,427,521,488
1,1001,553.809057762426,278.192093648052,153,50,483,250,636,300
1,1001,730.983130904184,387.879217273954,42,53,708,366,750,419
1,1001,172.761560895815,466.639424887808,357,293,1,307,358,600
1,1001,427.047313427549,115.744979279566,684,275,85,1,769,276
1,1001,636.76385169315,475.22983990954,243,330,521,270,764,600
1,1001,160.066110596231,306.503758624241,60,401,133,107,193,508
1,1001,674.953115826554,297.892141239621,58,434,648,91,706,525
1,1001,414.337075101443,295.877652497838,297,418,266,84,563,502
1,1001,414.109488023868,248.283852627431,215,220,307,138,522,358
1,1001,328.5,442,19,8,319,438,338,446
1,1001,499.052173913043,440.35652173913,10,22,494,430,504,452
1,1001,416.37879945013,442.572323201466,131,49,351,418,482,467
1,1001,473.740671858654,136.910845054051,90,119,431,80,521,199
1,1001,468.402878170587,305.03684233583,171,488,387,80,558,568
1,1001,326.303413524346,373.620966380207,592,392,70,136,662,528
1,1001,165.898081323711,282.711388839993,196,262,70,136,266,398
1,1001,665.012185248158,271.781880009716,179,190,576,176,755,366
1,1001,665.788262720454,359.577420771674,262,330,538,176,800,506
1,1001,229.774577585916,303.54026283543,332,420,48,103,380,523
1,1001,279.263918372937,206.941313428748,144,159,214,132,358,291
1,1001,292.119593211385,272.804464108829,125,165,230,194,355,359
1,1001,608.484907670455,497.609019886364,55,123,582,439,637,562
1,1001,626.115991763898,568.893617021277,36,44,608,547,644,591
1,1001,411.164763458401,514.584013050571,32,19,395,505,427,524
1,1001,445.606109324759,515.138263665595,30,20,431,505,461,525
1,1001,424.846567967699,539.64199192463,37,23,406,528,443,551
1,1001,281.82087628866,537.335051546392,44,24,260,525,304,549
1,1001,511.664395229983,403.080068143101,24,27,499,390,523,417
1,1001,457.42256010238,381.872695694567,175,275,372,226,547,501
1,1001,644.170795504085,414.54095035918,285,394,509,206,794,600
1,1001,236.273203089505,395.753948205361,248,400,107,194,355,594
1,1001,461.014790367926,282.339689524508,89,117,416,226,505,343
1,1001,562.182370820669,270.869300911854,113,137,501,206,614,343
1,1001,267.277738640366,441.421979570271,101,155,205,358,306,513
1,1001,686.917396269509,44.3293998223576,129,82,616,6,745,88
1,1001,417.362798745088,405.153059629155,378,419,224,159,602,578
1,1001,227.627816140057,145.220757480644,181,312,129,1,310,313
1,1001,492.984838604499,38.9364199543528,262,89,360,1,622,90
1,1001,715.109723076923,224.812594871795,209,334,591,77,800,411
1,1001,415.263083183496,376.116873284754,279,120,268,323,547,443
1,1001,311.304801670146,390.560890744607,71,32,276,376,347,408
1,1001,212.355945006799,191.770055899683,75,186,173,100,248,286
1,1001,248.680904522613,142.158291457286,12,51,243,117,255,168
1,1001,290.529690879911,293.416090991557,311,567,137,20,448,587
1,1001,468.944446233616,476.927957231651,208,236,366,360,574,596
1,1001,262.820473644003,475.46294881589,157,63,185,447,342,510
1,1001,672.083012893011,182.467315087084,76,74,634,144,710,218
1,1001,362.979604683369,434.931134332116,101,105,312,384,413,489
1,1001,360.672254927054,459.098477092398,314,133,232,384,546,517
1,1001,242.580883718936,206.410020435286,687,478,1,27,688,505
1,1001,755.660543717854,74.7543472936566,72,69,717,42,789,111
1,1001,539.324743175815,99.1812738479601,236,126,449,30,685,156
1,1001,34.734020940772,115.351773714643,90,211,1,1,91,212
1,1001,317.598935797802,287.263180004201,529,396,1,34,530,430
1,1001,638.745002352625,489.392955568999,344,244,456,356,800,600
1,1001,65.596558959295,547.208392782207,142,167,1,433,143,600
1,1001,351.522498519834,292.091770278271,179,113,256,239,435,352
1,1001,481.191411978647,493.143896286737,331,144,301,424,632,568
1,1001,542.805873102815,287.087990529533,266,355,409,80,675,435
1,1001,266.575766947056,348.954539831766,150,176,180,287,330,463
1,1001,462.84496124031,341.818798449612,35,51,445,317,480,368
1,1001,238.248955223881,439.29223880597,126,83,188,400,314,483
1,1001,194.460612691466,378.320933625091,48,67,171,347,219,414
1,1001,745.024828113063,252.001145912911,65,180,711,168,776,348
1,1001,224.486842105263,328.923684210526,34,12,207,323,241,335
1,1001,629.506836544438,422.922311995028,89,90,586,382,675,472
1,1001,725.899450664071,491.021139002851,179,181,621,408,800,589
1,1001,717.14331739763,438.626480981085,139,236,636,350,775,586
1,1001,94.3408471334988,170.470724661269,178,206,1,79,179,285
1,1001,105.343882081715,374.500960594288,318,521,1,79,319,600
1,1001,515.931010794897,145.904219823356,98,139,467,80,565,219
1,1001,106.353144240009,384.166055731521,209,171,1,303,210,474
1,1001,334.615115789474,342.719368421053,199,155,236,269,435,424
1,1001,510.0503403029,423.059507020663,227,186,398,334,625,520
1,1001,712.783675155886,392.300991661032,183,172,617,308,800,480
1,1001,456.756749178883,223.47332372026,158,230,370,103,528,333
1,1001,681.137113487524,218.190638039183,241,227,541,102,782,329
1,1001,185.82156133829,234.361875605261,240,175,65,154,305,329
1,1001,196.702880242547,181.972208185952,90,30,153,168,243,198
1,1001,161.971901883523,458.70835310379,245,260,45,332,290,592
1,1001,231.327617826418,169.810478760679,370,331,41,15,411,346
1,1001,381.166830256784,412.744387803565,189,222,292,308,481,530
1,1001,610.337804086309,324.660217681879,465,499,335,93,800,592
1,1001,204.326440177253,358.495814869522,178,73,108,334,286,407
1,1001,572.762007555316,252.814714876776,155,119,499,197,654,316
1,1001,478.750209205021,182.703347280335,185,123,390,124,575,247
1,1001,613.769639065817,275.593418259023,72,58,574,245,646,303
1,1001,661.75775155031,315.573114622925,103,89,610,271,713,360
1,1001,111.944727465063,328.026390512778,265,460,1,44,266,504
1,1001,283.674119241192,189.642276422764,56,29,257,177,313,206
1,1001,320.796861818795,269.744896237557,106,87,262,218,368,305
1,1001,566.631814394106,280.039576115083,434,482,366,35,800,517
1,1001,753.651945525292,159.987159533074,36,177,735,65,771,242
1,1001,765.926663174437,268.76794133054,64,33,736,251,800,284
1,1001,491.923129989159,167.320488814428,118,94,433,123,551,217
1,1001,202.984552324122,339.648858154644,459,318,1,194,460,512
1,1001,622.264688528459,291.31991555981,241,418,504,73,745,491
1,1001,626.839798801075,142.222559084958,140,140,557,73,697,213
1,1001,411.695685058428,410.734239685361,404,209,192,312,596,521
1,1001,260.106177731584,143.994348447447,174,328,169,16,343,344
1,1001,754.010837057106,460.45230639316,116,324,684,276,800,600
1,1001,650.143609183382,138.186804829356,309,285,491,1,800,286
1,1001,633.28401554996594,135.2087811571,146,45,561,112,707,157
1,1001,79.9660236357317,455.98826903024,126,168,26,375,152,543
1,1001,401.803151279638,416.056559094083,299,184,217,324,516,508
1,1001,141.014823518778,333.648302978262,167,176,47,244,214,420
1,1001,275.306479204533,90.7139955094622,239,217,156,1,395,218
1,1001,478.968125552608,62.357382847038,203,135,388,1,591,136
1,1001,634.666736729022,259.533571545342,362,211,438,147,800,358
1,1001,674.206920903955,110.881620762712,254,207,546,12,800,219
1,1001,227.910724518096,269.890353893053,487,430,1,59,488,489
1,1001,525.993127147766,123.020790378007,85,127,485,64,570,191
1,1001,610.421568627451,135.439808481532,61,107,578,84,639,191
1,1001,719.13751611517,151.458100558659,74,116,681,94,755,210
1,1001,540.393083573487,112.520461095101,52,51,519,86,571,137
1,1001,724.44812221515,149.037555697008,53,48,702,124,755,172
1,1001,620.480446927374,162.469273743017,33,54,606,137,639,191
1,1001,241.917863105175,85.9817473567056,97,124,192,27,289,151
1,1001,562.450191299419,165.507439421851,94,96,515,118,609,214
1,1001,292.723563968668,299.882941688425,223,134,202,232,425,366
1,1001,537.333842742419,374.42273462783203,315,482,345,118,660,600
1,1001,63.2957787823636,323.614571713732,149,182,1,233,150,415
1,1001,230.427201808616,310.41860530025,265,572,119,28,384,600
1,1001,42.4613259668508,381.489070381936,119,127,1,334,120,461
1,1001,143.370509277537,335.346821950257,62,120,115,272,177,392
1,1001,189.600045167118,335.524616079494,61,108,159,276,220,384
1,1001,389.06741863714,246.674393335748,106,268,334,108,440,376
1,1001,291.135736397503,162.766252164332,108,249,243,63,351,312
1,1001,79.2290433925049,260.357864891519,100,96,29,214,129,310
1,1001,546.017570460221,251.400909739565,174,75,459,214,633,289
1,1001,183.121024842454,468.440570330178,302,173,33,383,335,556
1,1001,434.948887584698,515.987675398816,198,122,336,457,534,579
1,1001,313.934125269978,301.966522678186,80,186,273,225,353,411
1,1001,226.831350848159,225.400599917253,120,352,185,27,305,379
1,1001,69.3507376892125,382.316823146197,133,193,1,293,134,486
1,1001,218.677529650604,289.218719948712,77,169,182,195,259,364
1,1001,88.4708695652174,257.933913043478,177,86,1,210,178,296
1,1001,80.7256628413138,564.478235061338,161,101,1,499,162,600
1,1001,326.518267435822,485.375370191026,363,245,139,355,502,600
1,1001,403.012610676278,176.531892837783,461,376,201,1,662,377
1,1001,118.101784147412,155.588866140197,211,70,9,118,220,188
1,1001,190.747830399207,499.30052070419,62,185,156,415,218,600
1,1001,367.649167733675,461.569924598094,128,72,304,423,432,495
1,1001,356.10298102981,267.571815718157,23,22,344,257,367,279
1,1001,601.283018867925,317.245283018868,19,14,591,310,610,324
1,1001,175.135467090528,144.919514485948,124,158,112,72,236,230
1,1001,239.454545454545,353.375,32,33,223,336,255,369
1,1001,172.384047311106,367.702508712865,370,528,20,72,390,600
1,1001,403.423779193206,193.808634111819,89,110,361,143,450,253
1,1001,624.305804839259,154.503351130296,152,147,548,84,700,231
1,1001,413.036539923249,372.632339037096,199,457,308,143,507,600
1,1001,650.760180105579,353.26917503364,314,516,471,84,785,600
1,1001,50.9592354203238,243.422761849035,86,143,8,172,94,315
1,1001,228.493310416219,479.257075333503,261,309,106,291,367,600
1,1001,62.2881271733731,401.902550091075,151,428,1,172,152,600
1,1001,331.405310880829,386.594645941278,149,298,259,240,408,538
1,1001,732.759813586664,440.47589173687,166,47,634,417,800,464
1,1001,515.209444541282,392.967288362094,346,466,403,134,749,600
1,1001,740.123570800352,114.733909010954,124,212,676,5,800,217
1,1001,236.236345415066,400.267412727576,111,148,176,331,287,479
1,1001,303.163923367512,288.61305990286,87,102,259,240,346,342
1,1001,397.09283292412,181.126037647609,101,116,343,120,444,236
1,1001,499.022444782259,194.09568094429,122,128,436,134,558,262
1,1001,419.036363636364,80.6699072356215,133,139,352,17,485,156
1,1001,246.848127631287,502.616530024374,178,236,135,364,313,600
1,1001,388.274848746759,563.461538461538,86,79,345,521,431,600
1,1001,706.484227129338,570.211356466877,56,32,681,555,737,587
1,1001,588.33144976161,553.112307963977,117,68,529,519,646,587
1,1001,599.930167597765,21.5195530726257,54,32,569,10,623,42
1,1001,255.89545645772,404.282078249895,72,80,221,363,293,443
1,1001,245.16204522289,91.6408170906746,297,228,93,1,390,229
1,1001,170.226520372385,301.867156329344,389,599,1,1,390,600
1,1001,310.349960619585,499.285114203203,70,67,276,463,346,530
1,1001,350.694896851249,401.776330076004,55,40,325,380,380,420
1,1001,539.246336040655,519.705219535067,458,176,308,424,766,600
1,1001,670.937403400309,520.520092735703,42,155,647,432,689,587
1,1001,487.188334104417,204.707996725862,216,188,379,118,595,306
1,1001,555.792286422578,307.754874618612,355,437,379,118,734,555
1,1001,375.242836538462,535.085625,365,147,192,453,557,600
1,1001,379.347537637152,542.114570043378,107,61,328,514,435,575
1,1001,156.159256874024,333.382118258326,290,351,1,152,291,503
1,1001,112.182409308693,436.173853524983,134,53,41,408,175,461
1,1001,83.8954108858058,480.114194236926,100,37,37,456,137,493
1,1001,133.816442239546,260.899184975195,70,105,100,212,170,317
1,1001,205.832808674362,324.926547743966,71,98,170,278,241,376
1,1001,193.289468599034,65.3203864734299,75,86,156,23,231,109
1,1001,198.821764852929,325.039205066245,306,577,1,23,307,600
1,1001,684.067300997911,100.310860988628,95,128,638,39,733,167
1,1001,700.633139651373,194.004608294931,85,74,662,157,747,231
1,1001,682.169811077439,365.605209878135,207,561,573,39,780,600
1,1001,721.546021840874,132.91887675507,26,47,707,110,733,157
1,1001,189.275637450199,320.928466135458,282,403,79,115,361,518
1,1001,254.430035276331,444.017806148161,70,162,220,339,290,501
1,1001,436.644020948502,143.686499854524,90,104,392,96,482,200
1,1001,488.652772969605,330.069376168386,166,331,398,168,564,499
1,1001,190.594129116118,175.204939341421,109,118,131,115,240,233
1,1001,508.438419117647,209.417738970588,67,83,475,168,542,251
1,1001,110.571159965288,214.484090251663,112,77,56,172,168,249
1,1001,502.284701912261,151.506411698538,86,134,459,87,545,221
1,1001,625.654559707343,192.785994251372,94,110,578,140,672,250
1,1001,483.728731598768,369.78403514778,189,513,388,87,577,600
1,1001,630.101954288193,377.459326746731,148,460,558,140,706,600
1,1001,106.338715964141,193.094103235147,156,276,30,51,186,327
1,1001,639.654055183947,81.8923494983278,81,125,596,1,677,126
1,1001,707.191064638783,68.8635931558935,70,112,670,1,740,113
1,1001,750.077631370059,109.997777424988,92,155,700,1,792,156
1,1001,489.978099901334,235.249670345883,521,321,247,88,768,409
1,1001,136.709570957096,203.706270627063,34,14,120,197,154,211
1,1001,317.662178842461,505.773223918808,384,139,126,437,510,576
1,1001,405.443550305241,79.9852533100769,188,174,309,1,497,175
1,1001,408.979865771812,415.46644295302,12,51,403,390,415,441
1,1001,370.645569620253,181.20253164557,18,4,362,179,380,183
1,1001,74.5110441767068,561.298192771084,97,82,27,518,124,600
1,1001,739.114509131809,418.005998607466,121,246,679,322,800,568
1,1001,571.338549920761,380.199980190174,87,200,529,304,616,504
1,1001,587.383161989442,557.549597110308,87,88,545,512,632,600
1,1001,366.17358345111103,203.060388025183,109,139,307,134,416,273
1,1001,389.773113073775,261.758619292631,377,455,195,1,572,456
1,1001,522.455396132252,34.5464753587024,43,44,501,13,544,57
1,1001,97.837369519833,247.364822546973,196,102,7,205,203,307
1,1001,28.0199335548173,226.514950166113,48,43,7,205,55,248
1,1001,611.116000996429,333.598438927178,211,217,484,207,695,424
1,1001,403.4662077597,59.0219023779725,36,64,385,26,421,90
1,1001,431.663068747924,183.800730654268,94,319,383,26,477,345
1,1001,479.104599406528,241.06824925816,29,54,464,214,493,268
1,1001,520.941883767535,405.441549766199,73,35,484,388,557,423
1,1001,732.102422145329,362.429065743945,47,155,707,269,754,424
1,1001,301.257479671634,367.644127144691,188,168,208,288,396,456
1,1001,145.318696040488,254.431750520988,142,315,73,160,215,475
1,1001,192.791426344505,414.887918939984,74,185,161,315,235,500
1,1001,425.26567550097,364.521978021978,47,145,403,283,450,428
1,1001,375.02183530755,488.893820465249,195,79,279,449,474,528
1,1001,474.674193548387,453.303225806452,38,20,455,443,493,463
1,1001,251.6352,337.6992,39,23,233,327,272,350
1,1001,89.1423396477235,294.643768693918,123,329,29,124,152,453
1,1001,637.38229503586,294.776262129096,239,371,519,98,758,469
1,1001,477.211362677542,414.837013078329,105,83,425,374,530,457
1,1001,263.873140425209,292.696521193928,218,264,154,164,372,428
1,1001,279.459821428571,227.50318877551,108,24,226,217,334,241
1,1001,283.128588758593,370.8843509907,101,30,234,356,335,386
1,1001,81.3705426356589,288.86511627907,33,20,65,279,98,299
1,1001,90.0623931623932,362.413675213675,62,27,58,351,120,378
1,1001,315.612343936119,179.653968323995,291,568,166,1,457,569
1,1001,759.253716551041,225.727783283779,79,70,719,181,798,251
1,1001,454.775147928994,286.05325443787,15,14,447,278,462,292
1,1001,259.014040114613,390.495415472779,110,319,225,247,335,566
1,1001,264.979899497487,271.615577889447,38,52,247,247,285,299
1,1001,505.90311919025,495.476554430903,174,163,396,409,570,572
1,1001,519.089028213166,431.480877742947,46,44,495,409,541,453
1,1001,413.751870815282,544.653997636865,156,71,337,500,493,571
1,1001,225.078440419887,231.612296689353,120,112,168,180,288,292
1,1001,174.89841219934,302.527810092753,236,261,52,180,288,441
1,1001,693.377517364479,165.163129098599,191,184,601,79,792,263
1,1001,651.166679737127,244.387659394263,375,338,425,79,800,417
1,1001,562.327680692429,446.144177623068,411,203,379,338,790,541
1,1001,458.898294762485,246.181485992692,97,55,429,220,526,275
1,1001,325.314320760503,134.928856179086,53,80,300,98,353,178
1,1001,558.329754601227,178.872699386503,58,61,529,149,587,210
1,1001,281.024775344893,283.459024174155,201,452,209,98,410,550
1,1001,711.263566446074,435.472688248972,166,250,627,314,793,564
1,1001,691.45755923907,163.436422293915,63,306,660,11,723,317
1,1001,320.730021359652,455.807284377992,185,303,234,283,419,586
1,1001,539.47206315445,301.141565772251,194,321,471,149,665,470
1,1001,578.293248800548,461.763708019191,215,271,464,301,679,572
1,1001,265.11092790539,102.951046167842,232,202,152,28,384,230
1,1001,314.54730138513,198.465339914026,236,179,197,110,433,289
1,1001,587.765447195897,303.409015251877,192,192,492,207,684,399
1,1001,322.367460113032,415.771223806421,288,287,178,272,466,559
1,1001,315.8,77.8421052631579,19,28,307,65,326,93
1,1001,549.566646191646,364.730651105651,105,139,491,295,596,434
1,1001,264.831597222222,452.876736111111,25,31,254,437,279,468
1,1001,537.242258652095,305.976320582878,31,23,522,295,553,318
1,1001,682.607913669065,246.841726618705,17,18,674,238,691,256
1,1001,725.224018475751,225.937644341801,23,25,714,214,737,239
1,1001,684.856683804627,293.986825192802,56,116,651,238,707,354
1,1001,736.733486690766,277.183043049622,43,132,714,214,757,346
1,1001,353.796296296296,426.973429951691,60,185,323,374,383,559
1,1001,265.087003222342,491.211063372717,32,119,250,440,282,559
1,1001,239.99421607106,499.85189010535,69,133,206,434,275,567
1,1001,236.337531486146,456.523929471033,21,22,226,446,247,468
1,1001,322.631081579919,446.539091915836,190,325,248,275,438,600
1,1001,517.784071501765,506.911362860071,104,185,466,415,570,600
1,1001,625.790626131017,454.139341295693,65,283,594,306,659,589
1,1001,692.254784749083,427.712061084041,169,311,631,289,800,600
1,1001,751.798731535003,475.776493256262,106,264,694,336,800,600
1,1001,206.05694674505,270.64065088180803,400,524,75,1,475,525
1,1001,215.912558602074,98.6124449495667,179,206,126,1,305,207
1,1001,110.4062105384,292.258925496499,205,436,5,164,210,600
1,1001,550.303174094261,343.778454632895,193,235,457,221,650,456
1,1001,591.578175493384,453.114123076619,394,379,406,221,800,600
1,1001,662.830508474576,450.884745762712,63,36,633,432,696,468
1,1001,200.165266106443,345.647759103641,109,80,144,305,253,385
1,1001,183.006448146158,261.642665233745,34,60,166,231,200,291
1,1001,406.897943299671,117.591442414337,313,173,247,33,560,206
1,1001,505.649779735683,255.561674008811,31,59,490,226,521,285
1,1001,384.559764309764,339.099887766554,148,48,310,315,458,363
1,1001,491.730848861284,339.845755693582,28,35,478,323,506,358
1,1001,186.582914572864,394.668341708543,72,5,149,392,221,397
1,1001,686.759310085806,249.669575015168,232,239,568,134,800,373
1,1001,430.03125,60.5884098101266,84,88,393,19,477,107
1,1001,459.396326727888,424.393748993072,140,158,381,345,521,503
1,1001,614.262144631521,430.838876621584,167,166,522,347,689,513
1,1001,744.488740208877,426.221360966057,144,144,656,353,800,497
1,1001,544.33887293715,167.978247628992,260,189,404,73,664,262
1,1001,618.590867735699,34.8139997725463,275,85,476,1,751,86
1,1001,759.577522224941,188.172335046081,94,159,706,101,800,260
1,1001,151.226449341126,104.74269430428,219,170,43,31,262,201
1,1001,27.6987730573408,124.246890910608,81,242,1,1,82,243
1,1001,426.132518617529,279.63080007638,151,112,352,223,503,335
1,1001,340.317607413648,150.717689499492,317,324,191,16,508,340
1,1001,123.919873102198,491.842510763653,200,199,9,388,209,587
1,1001,304.344273350568,455.357086658424,201,180,194,365,395,545
